Date,Open,High,Low,Close,Volume,Ex-Dividend,Split Ratio,Adj. Open,Adj. High,Adj. Low,Adj. Close,Adj. Volume
2016-11-17,2.9,2.9,2.6,2.7,139351.0,0.0,1.0,2.9,2.9,2.6,2.7,139351.0
2016-11-16,2.95,2.95,2.7039,2.85,17720.0,0.0,1.0,2.95,2.95,2.7039,2.85,17720.0
2016-11-15,3.0,3.0,2.9,2.95,8653.0,0.0,1.0,3.0,3.0,2.9,2.95,8653.0
2016-11-14,3.2,3.35,2.9,3.0,62977.0,0.0,1.0,3.2,3.35,2.9,3.0,62977.0
2016-11-11,2.65,3.1,2.4624,3.0,76948.0,0.0,1.0,2.65,3.1,2.4624,3.0,76948.0
2016-11-10,2.65,2.655,2.4,2.6,29350.0,0.0,1.0,2.65,2.655,2.4,2.6,29350.0
2016-11-09,2.55,2.65,2.5,2.6,28438.0,0.0,1.0,2.55,2.65,2.5,2.6,28438.0
2016-11-08,2.55,2.55,2.4657,2.55,13904.0,0.0,1.0,2.55,2.55,2.4657,2.55,13904.0
2016-11-07,2.45,2.5,2.45,2.5,9705.0,0.0,1.0,2.45,2.5,2.45,2.5,9705.0
2016-11-04,2.35,2.45,2.05,2.35,166709.0,0.0,1.0,2.35,2.45,2.05,2.35,166709.0
2016-11-03,2.55,2.55,2.3,2.3,45758.0,0.0,1.0,2.55,2.55,2.3,2.3,45758.0
2016-11-02,2.45,2.55,2.2584,2.45,20250.0,0.0,1.0,2.45,2.55,2.2584,2.45,20250.0
2016-11-01,2.5,2.55,2.45,2.45,20289.0,0.0,1.0,2.5,2.55,2.45,2.45,20289.0
2016-10-31,2.5,2.65,2.45,2.5,20209.0,0.0,1.0,2.5,2.65,2.45,2.5,20209.0
2016-10-28,2.5,2.5593,2.45,2.55,27378.0,0.0,1.0,2.5,2.5593,2.45,2.55,27378.0
2016-10-27,2.65,2.65,2.45,2.5,26704.0,0.0,1.0,2.65,2.65,2.45,2.5,26704.0
2016-10-26,2.65,2.65,2.55,2.55,13729.0,0.0,1.0,2.65,2.65,2.55,2.55,13729.0
2016-10-25,2.5,2.6,2.5,2.55,17668.0,0.0,1.0,2.5,2.6,2.5,2.55,17668.0
2016-10-24,2.6,2.6,2.45,2.6,37590.0,0.0,1.0,2.6,2.6,2.45,2.6,37590.0
2016-10-21,2.45,2.55,2.35,2.5,30319.0,0.0,1.0,2.45,2.55,2.35,2.5,30319.0
2016-10-20,2.35,2.55,2.35,2.5,6792.0,0.0,1.0,2.35,2.55,2.35,2.5,6792.0
2016-10-19,2.45,2.575,2.4,2.5,42356.0,0.0,1.0,2.45,2.575,2.4,2.5,42356.0
2016-10-18,2.45,2.5,2.3,2.4,94906.0,0.0,1.0,2.45,2.5,2.3,2.4,94906.0
2016-10-17,2.5,2.55,2.45,2.45,19217.0,0.0,1.0,2.5,2.55,2.45,2.45,19217.0
2016-10-14,2.67,2.67,2.53,2.58,23117.0,0.0,1.0,2.67,2.67,2.53,2.58,23117.0
2016-10-13,2.725,2.74,2.67,2.67,10319.0,0.0,1.0,2.725,2.74,2.67,2.67,10319.0
2016-10-12,2.73,2.83,2.65,2.72,59487.0,0.0,1.0,2.73,2.83,2.65,2.72,59487.0
2016-10-11,2.82,2.82,2.6828,2.71,45766.0,0.0,1.0,2.82,2.82,2.6828,2.71,45766.0
2016-10-10,2.84,2.8886,2.77,2.85,40604.0,0.0,1.0,2.84,2.8886,2.77,2.85,40604.0
2016-10-07,2.89,2.89,2.77,2.83,17888.0,0.0,1.0,2.89,2.89,2.77,2.83,17888.0
2016-10-06,3.01,3.04,2.87,2.96,30201.0,0.0,1.0,3.01,3.04,2.87,2.96,30201.0
2016-10-05,2.99,3.0,2.94,2.95,10462.0,0.0,1.0,2.99,3.0,2.94,2.95,10462.0
2016-10-04,3.05,3.06,2.92,2.94,18955.0,0.0,1.0,3.05,3.06,2.92,2.94,18955.0
2016-10-03,3.02,3.09,2.98,3.06,20220.0,0.0,1.0,3.02,3.09,2.98,3.06,20220.0
2016-09-30,3.01,3.1,2.99,3.03,30376.0,0.0,1.0,3.01,3.1,2.99,3.03,30376.0
2016-09-29,3.05,3.05,2.95,2.97,13095.0,0.0,1.0,3.05,3.05,2.95,2.97,13095.0
2016-09-28,2.95,3.13,2.95,3.05,59177.0,0.0,1.0,2.95,3.13,2.95,3.05,59177.0
2016-09-27,2.95,2.99,2.95,2.96,42856.0,0.0,1.0,2.95,2.99,2.95,2.96,42856.0
2016-09-26,2.95,3.01,2.95,2.97,20837.0,0.0,1.0,2.95,3.01,2.95,2.97,20837.0
2016-09-23,3.09,3.11,2.99,2.99,18939.0,0.0,1.0,3.09,3.11,2.99,2.99,18939.0
2016-09-22,3.14,3.2,3.0889,3.12,31521.0,0.0,1.0,3.14,3.2,3.0889,3.12,31521.0
2016-09-21,3.2,3.21,3.1,3.15,39075.0,0.0,1.0,3.2,3.21,3.1,3.15,39075.0
2016-09-20,3.23,3.25,3.02,3.2,49184.0,0.0,1.0,3.23,3.25,3.02,3.2,49184.0
2016-09-19,3.07,3.4,2.92,3.16,53619.0,0.0,1.0,3.07,3.4,2.92,3.16,53619.0
2016-09-16,3.08,3.14,3.0,3.08,125255.0,0.0,1.0,3.08,3.14,3.0,3.08,125255.0
2016-09-15,3.04,3.14,2.95,3.0,14568.0,0.0,1.0,3.04,3.14,2.95,3.0,14568.0
2016-09-14,3.17,3.17,2.92,3.0,25290.0,0.0,1.0,3.17,3.17,2.92,3.0,25290.0
2016-09-13,3.26,3.26,3.08,3.1,17241.0,0.0,1.0,3.26,3.26,3.08,3.1,17241.0
2016-09-12,3.18,3.3,3.14,3.25,16693.0,0.0,1.0,3.18,3.3,3.14,3.25,16693.0
2016-09-09,3.27,3.32,3.18,3.19,27676.0,0.0,1.0,3.27,3.32,3.18,3.19,27676.0
2016-09-08,3.45,3.48,3.35,3.38,27886.0,0.0,1.0,3.45,3.48,3.35,3.38,27886.0
2016-09-07,3.48,3.48,3.41,3.45,26977.0,0.0,1.0,3.48,3.48,3.41,3.45,26977.0
2016-09-06,3.49,3.49,3.42,3.45,13251.0,0.0,1.0,3.49,3.49,3.42,3.45,13251.0
2016-09-02,3.49,3.49,3.4211,3.46,38637.0,0.0,1.0,3.49,3.49,3.4211,3.46,38637.0
2016-09-01,3.49,3.49,3.42,3.46,17647.0,0.0,1.0,3.49,3.49,3.42,3.46,17647.0
2016-08-31,3.48,3.49,3.32,3.46,44358.0,0.0,1.0,3.48,3.49,3.32,3.46,44358.0
2016-08-30,3.39,3.45,3.18,3.44,54785.0,0.0,1.0,3.39,3.45,3.18,3.44,54785.0
2016-08-29,3.34,3.38,3.15,3.35,34632.0,0.0,1.0,3.34,3.38,3.15,3.35,34632.0
2016-08-26,3.39,3.4,3.28,3.3,16494.0,0.0,1.0,3.39,3.4,3.28,3.3,16494.0
2016-08-25,3.43,3.43,3.33,3.38,15960.0,0.0,1.0,3.43,3.43,3.33,3.38,15960.0
2016-08-24,3.48,3.5,3.31,3.42,17534.0,0.0,1.0,3.48,3.5,3.31,3.42,17534.0
2016-08-23,3.46,3.5,3.04,3.48,31440.0,0.0,1.0,3.46,3.5,3.04,3.48,31440.0
2016-08-22,3.47,3.49,3.26,3.46,15041.0,0.0,1.0,3.47,3.49,3.26,3.46,15041.0
2016-08-19,3.43,3.49,3.3489,3.475,57835.0,0.0,1.0,3.43,3.49,3.3489,3.475,57835.0
2016-08-18,3.43,3.48,3.27,3.43,95140.0,0.0,1.0,3.43,3.48,3.27,3.43,95140.0
2016-08-17,3.41,3.41,3.33,3.41,13350.0,0.0,1.0,3.41,3.41,3.33,3.41,13350.0
2016-08-16,3.31,3.4,3.26,3.39,47630.0,0.0,1.0,3.31,3.4,3.26,3.39,47630.0
2016-08-15,3.3,3.38,3.25,3.3,89442.0,0.0,1.0,3.3,3.38,3.25,3.3,89442.0
2016-08-12,3.34,3.38,3.25,3.3,26098.0,0.0,1.0,3.34,3.38,3.25,3.3,26098.0
2016-08-11,3.32,3.4,3.305,3.38,98166.0,0.0,1.0,3.32,3.4,3.305,3.38,98166.0
2016-08-10,3.22,3.35,3.17,3.31,342475.0,0.0,1.0,3.22,3.35,3.17,3.31,342475.0
2016-08-09,3.27,3.29,3.13,3.21,34834.0,0.0,1.0,3.27,3.29,3.13,3.21,34834.0
2016-08-08,3.31,3.35,3.25,3.28,67884.0,0.0,1.0,3.31,3.35,3.25,3.28,67884.0
2016-08-05,3.2,3.4,3.17,3.29,588838.0,0.0,1.0,3.2,3.4,3.17,3.29,588838.0
2016-08-04,3.03,3.2382,3.03,3.15,33451.0,0.0,1.0,3.03,3.2382,3.03,3.15,33451.0
2016-08-03,3.01,3.07,2.93,3.02,24584.0,0.0,1.0,3.01,3.07,2.93,3.02,24584.0
2016-08-02,3.1,3.19,2.99,2.99,20671.0,0.0,1.0,3.1,3.19,2.99,2.99,20671.0
2016-08-01,3.2,3.22,3.05,3.08,14743.0,0.0,1.0,3.2,3.22,3.05,3.08,14743.0
2016-07-29,3.22,3.23,3.026,3.2,27175.0,0.0,1.0,3.22,3.23,3.026,3.2,27175.0
2016-07-28,3.11,3.2599,3.1,3.19,23053.0,0.0,1.0,3.11,3.2599,3.1,3.19,23053.0
2016-07-27,3.16,3.26,3.11,3.16,19268.0,0.0,1.0,3.16,3.26,3.11,3.16,19268.0
2016-07-26,3.2,3.28,3.04,3.13,86562.0,0.0,1.0,3.2,3.28,3.04,3.13,86562.0
2016-07-25,3.1,3.2,3.08,3.19,75366.0,0.0,1.0,3.1,3.2,3.08,3.19,75366.0
2016-07-22,3.17,3.28,3.04,3.07,66483.0,0.0,1.0,3.17,3.28,3.04,3.07,66483.0
2016-07-21,3.14,3.22,2.99,3.21,58849.0,0.0,1.0,3.14,3.22,2.99,3.21,58849.0
2016-07-20,3.11,3.19,3.02,3.05,67787.0,0.0,1.0,3.11,3.19,3.02,3.05,67787.0
2016-07-19,3.04,3.16,3.02,3.08,61897.0,0.0,1.0,3.04,3.16,3.02,3.08,61897.0
2016-07-18,3.14,3.22,3.01,3.05,82988.0,0.0,1.0,3.14,3.22,3.01,3.05,82988.0
2016-07-15,3.13,3.29,3.1,3.18,79457.0,0.0,1.0,3.13,3.29,3.1,3.18,79457.0
2016-07-14,3.28,3.47,3.0,3.09,88162.0,0.0,1.0,3.28,3.47,3.0,3.09,88162.0
2016-07-13,3.27,3.35,3.12,3.26,88942.0,0.0,1.0,3.27,3.35,3.12,3.26,88942.0
2016-07-12,3.18,3.3,3.16,3.25,73028.0,0.0,1.0,3.18,3.3,3.16,3.25,73028.0
2016-07-11,3.26,3.32,2.78,3.22,129421.0,0.0,1.0,3.26,3.32,2.78,3.22,129421.0
2016-07-08,3.25,3.31,2.8701,3.23,125781.0,0.0,1.0,3.25,3.31,2.8701,3.23,125781.0
2016-07-07,3.13,3.3,3.12,3.22,104439.0,0.0,1.0,3.13,3.3,3.12,3.22,104439.0
2016-07-06,3.36,3.36,3.07,3.24,77267.0,0.0,1.0,3.36,3.36,3.07,3.24,77267.0
2016-07-05,3.37,3.56,3.07,3.3,200345.0,0.0,1.0,3.37,3.56,3.07,3.3,200345.0
2016-07-01,3.38,3.39,3.108,3.25,109515.0,0.0,1.0,3.38,3.39,3.108,3.25,109515.0
2016-06-30,3.28,3.28,3.12,3.19,208319.0,0.0,1.0,3.28,3.28,3.12,3.19,208319.0
2016-06-29,3.05,3.31,3.05,3.24,149972.0,0.0,1.0,3.05,3.31,3.05,3.24,149972.0
2016-06-28,2.8,3.08,2.73,3.05,751614.0,0.0,1.0,2.8,3.08,2.73,3.05,751614.0
2016-06-27,2.75,3.02,2.55,2.93,196154.0,0.0,1.0,2.75,3.02,2.55,2.93,196154.0
2016-06-24,2.93,3.13,2.76,2.87,1717662.0,0.0,1.0,2.93,3.13,2.76,2.87,1717662.0
2016-06-23,3.05,3.2,3.0,3.1,139121.0,0.0,1.0,3.05,3.2,3.0,3.1,139121.0
2016-06-22,3.08,3.22,2.98,3.09,166350.0,0.0,1.0,3.08,3.22,2.98,3.09,166350.0
2016-06-21,2.97,3.08,2.854,3.07,80017.0,0.0,1.0,2.97,3.08,2.854,3.07,80017.0
2016-06-20,2.96,3.05,2.851,2.91,82815.0,0.0,1.0,2.96,3.05,2.851,2.91,82815.0
2016-06-17,2.81,3.05,2.71,2.95,203138.0,0.0,1.0,2.81,3.05,2.71,2.95,203138.0
2016-06-16,2.84,2.95,2.66,2.75,121823.0,0.0,1.0,2.84,2.95,2.66,2.75,121823.0
2016-06-15,2.95,2.99,2.826,2.86,48106.0,0.0,1.0,2.95,2.99,2.826,2.86,48106.0
2016-06-14,2.72,2.9699,2.65,2.9,85227.0,0.0,1.0,2.72,2.9699,2.65,2.9,85227.0
2016-06-13,2.5,2.8,2.5,2.72,37885.0,0.0,1.0,2.5,2.8,2.5,2.72,37885.0
2016-06-10,2.59,2.64,2.42,2.51,16210.0,0.0,1.0,2.59,2.64,2.42,2.51,16210.0
2016-06-09,2.74,2.74,2.49,2.66,67492.0,0.0,1.0,2.74,2.74,2.49,2.66,67492.0
2016-06-08,2.63,2.74,2.53,2.65,8909.0,0.0,1.0,2.63,2.74,2.53,2.65,8909.0
2016-06-07,2.57,2.8,2.57,2.69,47211.0,0.0,1.0,2.57,2.8,2.57,2.69,47211.0
2016-06-06,2.64,2.77,2.6,2.6,10632.0,0.0,1.0,2.64,2.77,2.6,2.6,10632.0
2016-06-03,2.65,2.9,2.55,2.67,49712.0,0.0,1.0,2.65,2.9,2.55,2.67,49712.0
2016-06-02,2.78,2.92,2.65,2.67,40425.0,0.0,1.0,2.78,2.92,2.65,2.67,40425.0
2016-06-01,2.79,2.835,2.62,2.78,105058.0,0.0,1.0,2.79,2.835,2.62,2.78,105058.0
2016-05-31,2.71,2.95,2.7,2.71,340278.0,0.0,1.0,2.71,2.95,2.7,2.71,340278.0
2016-05-27,2.76,2.84,2.6201,2.77,123559.0,0.0,1.0,2.76,2.84,2.6201,2.77,123559.0
2016-05-26,2.9,2.92,2.61,2.61,41721.0,0.0,1.0,2.9,2.92,2.61,2.61,41721.0
2016-05-25,2.32,2.9499,2.32,2.82,166090.0,0.0,1.0,2.32,2.9499,2.32,2.82,166090.0
2016-05-24,2.3,2.42,2.2927,2.33,19592.0,0.0,1.0,2.3,2.42,2.2927,2.33,19592.0
2016-05-23,2.34,2.37,2.29,2.3,6609.0,0.0,1.0,2.34,2.37,2.29,2.3,6609.0
2016-05-20,2.3,2.3,2.1701,2.25,5112.0,0.0,1.0,2.3,2.3,2.1701,2.25,5112.0
2016-05-19,2.18,2.31,2.15,2.25,9554.0,0.0,1.0,2.18,2.31,2.15,2.25,9554.0
2016-05-18,2.25,2.358,2.15,2.18,6044.0,0.0,1.0,2.25,2.358,2.15,2.18,6044.0
2016-05-17,2.34,2.53,2.15,2.26,28308.0,0.0,1.0,2.34,2.53,2.15,2.26,28308.0
2016-05-16,2.24,2.49,2.24,2.34,5975.0,0.0,1.0,2.24,2.49,2.24,2.34,5975.0
2016-05-13,2.5,2.6,2.2,2.31,47822.0,0.0,1.0,2.5,2.6,2.2,2.31,47822.0
2016-05-12,2.51,2.6,2.45,2.47,37970.0,0.0,1.0,2.51,2.6,2.45,2.47,37970.0
2016-05-11,2.44,2.55,2.44,2.54,17676.0,0.0,1.0,2.44,2.55,2.44,2.54,17676.0
2016-05-10,2.32,2.48,2.32,2.42,13734.0,0.0,1.0,2.32,2.48,2.32,2.42,13734.0
2016-05-09,2.41,2.44,2.28,2.28,11814.0,0.0,1.0,2.41,2.44,2.28,2.28,11814.0
2016-05-06,2.53,2.55,2.35,2.41,28010.0,0.0,1.0,2.53,2.55,2.35,2.41,28010.0
2016-05-05,2.19,2.54,2.16,2.52,194330.0,0.0,1.0,2.19,2.54,2.16,2.52,194330.0
2016-05-04,2.4,2.4,2.0,2.16,73371.0,0.0,1.0,2.4,2.4,2.0,2.16,73371.0
2016-05-03,2.19,2.42,2.1301,2.2,21289.0,0.0,1.0,2.19,2.42,2.1301,2.2,21289.0
2016-05-02,2.27,2.38,2.12,2.13,29800.0,0.0,1.0,2.27,2.38,2.12,2.13,29800.0
2016-04-29,2.06,2.35,2.06,2.215,27741.0,0.0,1.0,2.06,2.35,2.06,2.215,27741.0
2016-04-28,1.97,2.5,1.97,2.12,20563.0,0.0,1.0,1.97,2.5,1.97,2.12,20563.0
2016-04-27,1.97,2.14,1.91,1.91,36557.0,0.0,1.0,1.97,2.14,1.91,1.91,36557.0
2016-04-26,1.8599,2.0,1.8599,2.0,5771.0,0.0,1.0,1.8599,2.0,1.8599,2.0,5771.0
2016-04-25,1.83,2.01,1.81,1.97,24368.0,0.0,1.0,1.83,2.01,1.81,1.97,24368.0
2016-04-22,1.94,2.01,1.75,1.97,53321.0,0.0,1.0,1.94,2.01,1.75,1.97,53321.0
2016-04-21,1.86,1.91,1.75,1.88,97092.0,0.0,1.0,1.86,1.91,1.75,1.88,97092.0
2016-04-20,1.89,1.91,1.81,1.81,7064.0,0.0,1.0,1.89,1.91,1.81,1.81,7064.0
2016-04-19,1.9,2.01,1.74,1.87,608970.0,0.0,1.0,1.9,2.01,1.74,1.87,608970.0
2016-04-18,1.65,1.95,1.65,1.88,358417.0,0.0,1.0,1.65,1.95,1.65,1.88,358417.0
2016-04-15,1.59,1.68,1.56,1.6,65079.0,0.0,1.0,1.59,1.68,1.56,1.6,65079.0
2016-04-14,1.45,1.59,1.45,1.57,57301.0,0.0,1.0,1.45,1.59,1.45,1.57,57301.0
2016-04-13,1.38,1.56,1.38,1.42,36087.0,0.0,1.0,1.38,1.56,1.38,1.42,36087.0
2016-04-12,1.49,1.54,1.44,1.47,29952.0,0.0,1.0,1.49,1.54,1.44,1.47,29952.0
2016-04-11,1.42,1.56,1.42,1.46,12675.0,0.0,1.0,1.42,1.56,1.42,1.46,12675.0
2016-04-08,1.31,1.51,1.2901,1.4,53276.0,0.0,1.0,1.31,1.51,1.2901,1.4,53276.0
2016-04-07,1.31,1.36,1.31,1.32,19501.0,0.0,1.0,1.31,1.36,1.31,1.32,19501.0
2016-04-06,1.5,1.51,1.26,1.29,73026.0,0.0,1.0,1.5,1.51,1.26,1.29,73026.0
2016-04-05,1.4,1.52,1.4,1.49,10522.0,0.0,1.0,1.4,1.52,1.4,1.49,10522.0
2016-04-04,1.48,1.535,1.4,1.41,5427.0,0.0,1.0,1.48,1.535,1.4,1.41,5427.0
2016-04-01,1.48,1.56,1.46,1.47,10252.0,0.0,1.0,1.48,1.56,1.46,1.47,10252.0
2016-03-31,1.45,1.54,1.42,1.42,10451.0,0.0,1.0,1.45,1.54,1.42,1.42,10451.0
2016-03-30,1.35,1.56,1.35,1.52,64423.0,0.0,1.0,1.35,1.56,1.35,1.52,64423.0
2016-03-29,1.45,1.59,1.4,1.42,6704.0,0.0,1.0,1.45,1.59,1.4,1.42,6704.0
2016-03-28,1.51,1.55,1.4399,1.44,6076.0,0.0,1.0,1.51,1.55,1.4399,1.44,6076.0
2016-03-24,1.44,1.59,1.44,1.53,859.0,0.0,1.0,1.44,1.59,1.44,1.53,859.0
2016-03-23,1.51,1.57,1.42,1.42,12826.0,0.0,1.0,1.51,1.57,1.42,1.42,12826.0
2016-03-22,1.6,1.6,1.42,1.5,22804.0,0.0,1.0,1.6,1.6,1.42,1.5,22804.0
2016-03-21,1.61,1.61,1.42,1.47,4159.0,0.0,1.0,1.61,1.61,1.42,1.47,4159.0
2016-03-18,1.45,1.57,1.45,1.47,33757.0,0.0,1.0,1.45,1.57,1.45,1.47,33757.0
2016-03-17,1.54,1.59,1.41,1.45,23871.0,0.0,1.0,1.54,1.59,1.41,1.45,23871.0
2016-03-16,1.38,1.7,1.36,1.52,176081.0,0.0,1.0,1.38,1.7,1.36,1.52,176081.0
2016-03-15,1.48,1.54,1.42,1.44,10359.0,0.0,1.0,1.48,1.54,1.42,1.44,10359.0
2016-03-14,1.47,1.47,1.39,1.43,4133.0,0.0,1.0,1.47,1.47,1.39,1.43,4133.0
2016-03-11,1.41,1.5,1.39,1.48,17313.0,0.0,1.0,1.41,1.5,1.39,1.48,17313.0
2016-03-10,1.38,1.4,1.32,1.38,21149.0,0.0,1.0,1.38,1.4,1.32,1.38,21149.0
2016-03-09,1.33,1.344,1.29,1.29,4910.0,0.0,1.0,1.33,1.344,1.29,1.29,4910.0
2016-03-08,1.3,1.37,1.26,1.28,9751.0,0.0,1.0,1.3,1.37,1.26,1.28,9751.0
2016-03-07,1.39,1.39,1.27,1.27,12464.0,0.0,1.0,1.39,1.39,1.27,1.27,12464.0
2016-03-04,1.34,1.4,1.28,1.29,17462.0,0.0,1.0,1.34,1.4,1.28,1.29,17462.0
2016-03-03,1.41,1.42,1.3,1.31,7436.0,0.0,1.0,1.41,1.42,1.3,1.31,7436.0
2016-03-02,1.41,1.41,1.37,1.38,3917.0,0.0,1.0,1.41,1.41,1.37,1.38,3917.0
2016-03-01,1.358,1.41,1.32,1.4,10493.0,0.0,1.0,1.358,1.41,1.32,1.4,10493.0
2016-02-29,1.35,1.39,1.29,1.35,13487.0,0.0,1.0,1.35,1.39,1.29,1.35,13487.0
2016-02-26,1.25,1.39,0.98,1.34,138334.0,0.0,1.0,1.25,1.39,0.98,1.34,138334.0
2016-02-25,1.348,1.348,1.12,1.17,30719.0,0.0,1.0,1.348,1.348,1.12,1.17,30719.0
2016-02-24,1.38,1.43,1.35,1.35,9618.0,0.0,1.0,1.38,1.43,1.35,1.35,9618.0
2016-02-23,1.4699,1.49,1.37,1.37,8497.0,0.0,1.0,1.4699,1.49,1.37,1.37,8497.0
2016-02-22,1.4578,1.4578,1.41,1.41,8503.0,0.0,1.0,1.4578,1.4578,1.41,1.41,8503.0
2016-02-19,1.37,1.52,1.35,1.36,15480.0,0.0,1.0,1.37,1.52,1.35,1.36,15480.0
2016-02-18,1.38,1.53,1.22,1.38,12339.0,0.0,1.0,1.38,1.53,1.22,1.38,12339.0
2016-02-17,1.4223,1.46,1.4,1.4,13723.0,0.0,1.0,1.4223,1.46,1.4,1.4,13723.0
2016-02-16,1.59,1.59,1.37,1.5,8099.0,0.0,1.0,1.59,1.59,1.37,1.5,8099.0
2016-02-12,1.3,1.545,1.3,1.43,12824.0,0.0,1.0,1.3,1.545,1.3,1.43,12824.0
2016-02-11,1.17,1.36,1.1604,1.27,10263.0,0.0,1.0,1.17,1.36,1.1604,1.27,10263.0
2016-02-10,1.23,1.2399,1.18,1.19,57228.0,0.0,1.0,1.23,1.2399,1.18,1.19,57228.0
2016-02-09,1.25,1.25,1.16,1.2,68692.0,0.0,1.0,1.25,1.25,1.16,1.2,68692.0
2016-02-08,1.39,1.39,1.12,1.21,72111.0,0.0,1.0,1.39,1.39,1.12,1.21,72111.0
2016-02-05,1.44,1.58,1.39,1.39,5580.0,0.0,1.0,1.44,1.58,1.39,1.39,5580.0
2016-02-04,1.38,1.47,1.38,1.45,17039.0,0.0,1.0,1.38,1.47,1.38,1.45,17039.0
2016-02-03,1.41,1.41,1.38,1.4,10894.0,0.0,1.0,1.41,1.41,1.38,1.4,10894.0
2016-02-02,1.42,1.46,1.38,1.4,27914.0,0.0,1.0,1.42,1.46,1.38,1.4,27914.0
2016-02-01,1.43,1.59,1.42,1.43,21595.0,0.0,1.0,1.43,1.59,1.42,1.43,21595.0
2016-01-29,1.56,1.6,1.44,1.44,19101.0,0.0,1.0,1.56,1.6,1.44,1.44,19101.0
2016-01-28,1.52,1.55,1.45,1.54,50855.0,0.0,1.0,1.52,1.55,1.45,1.54,50855.0
2016-01-27,1.51,1.54,1.4199,1.5,19036.0,0.0,1.0,1.51,1.54,1.4199,1.5,19036.0
2016-01-26,1.41,1.52,1.41,1.51,17671.0,0.0,1.0,1.41,1.52,1.41,1.51,17671.0
2016-01-25,1.47,1.47,1.41,1.41,11398.0,0.0,1.0,1.47,1.47,1.41,1.41,11398.0
2016-01-22,1.46,1.5,1.39,1.5,12212.0,0.0,1.0,1.46,1.5,1.39,1.5,12212.0
2016-01-21,1.385,1.5,1.37,1.45,8550.0,0.0,1.0,1.385,1.5,1.37,1.45,8550.0
2016-01-20,1.36,1.5,1.35,1.405,47879.0,0.0,1.0,1.36,1.5,1.35,1.405,47879.0
2016-01-19,1.43,1.43,1.36,1.39,15537.0,0.0,1.0,1.43,1.43,1.36,1.39,15537.0
2016-01-15,1.34,1.417,1.31,1.37,32868.0,0.0,1.0,1.34,1.417,1.31,1.37,32868.0
2016-01-14,1.39,1.4,1.3,1.38,47799.0,0.0,1.0,1.39,1.4,1.3,1.38,47799.0
2016-01-13,1.48,1.5,1.4,1.42,112656.0,0.0,1.0,1.48,1.5,1.4,1.42,112656.0
2016-01-12,1.51,1.63,1.48,1.48,8549.0,0.0,1.0,1.51,1.63,1.48,1.48,8549.0
2016-01-11,1.55,1.5899,1.46,1.5,31161.0,0.0,1.0,1.55,1.5899,1.46,1.5,31161.0
2016-01-08,1.63,1.65,1.52,1.53,38126.0,0.0,1.0,1.63,1.65,1.52,1.53,38126.0
2016-01-07,1.62,1.635,1.56,1.63,43834.0,0.0,1.0,1.62,1.635,1.56,1.63,43834.0
2016-01-06,1.63,1.66,1.62,1.63,16399.0,0.0,1.0,1.63,1.66,1.62,1.63,16399.0
2016-01-05,1.6799,1.68,1.63,1.63,42070.0,0.0,1.0,1.6799,1.68,1.63,1.63,42070.0
2016-01-04,1.75,1.75,1.63,1.6448,394413.0,0.0,1.0,1.75,1.75,1.63,1.6448,394413.0
2015-12-31,1.69,1.72,1.68,1.72,19131.0,0.0,1.0,1.69,1.72,1.68,1.72,19131.0
2015-12-30,1.63,1.753,1.6,1.68,49373.0,0.0,1.0,1.63,1.753,1.6,1.68,49373.0
2015-12-29,1.66,1.68,1.63,1.64,11433.0,0.0,1.0,1.66,1.68,1.63,1.64,11433.0
2015-12-28,1.74,1.74,1.63,1.64,27171.0,0.0,1.0,1.74,1.74,1.63,1.64,27171.0
2015-12-24,1.73,1.73,1.71,1.72,3631.0,0.0,1.0,1.73,1.73,1.71,1.72,3631.0
2015-12-23,1.63,1.73,1.63,1.73,71349.0,0.0,1.0,1.63,1.73,1.63,1.73,71349.0
2015-12-22,1.64,1.65,1.61,1.61,43657.0,0.0,1.0,1.64,1.65,1.61,1.61,43657.0
2015-12-21,1.64,1.681,1.635,1.64,17591.0,0.0,1.0,1.64,1.681,1.635,1.64,17591.0
2015-12-18,1.61,1.65,1.61,1.65,20582.0,0.0,1.0,1.61,1.65,1.61,1.65,20582.0
2015-12-17,1.62,1.65,1.61,1.63,4125.0,0.0,1.0,1.62,1.65,1.61,1.63,4125.0
2015-12-16,1.65,1.68,1.61,1.63,27195.0,0.0,1.0,1.65,1.68,1.61,1.63,27195.0
2015-12-15,1.63,1.656,1.61,1.65,14543.0,0.0,1.0,1.63,1.656,1.61,1.65,14543.0
2015-12-14,1.65,1.73,1.65,1.65,60902.0,0.0,1.0,1.65,1.73,1.65,1.65,60902.0
2015-12-11,1.8,1.8,1.64,1.64,29311.0,0.0,1.0,1.8,1.8,1.64,1.64,29311.0
2015-12-10,1.64,1.69,1.56,1.67,141907.0,0.0,1.0,1.64,1.69,1.56,1.67,141907.0
2015-12-09,1.68,1.68,1.55,1.55,14324.0,0.0,1.0,1.68,1.68,1.55,1.55,14324.0
2015-12-08,1.68,1.69,1.63,1.63,13975.0,0.0,1.0,1.68,1.69,1.63,1.63,13975.0
2015-12-07,1.72,1.72,1.66,1.68,62906.0,0.0,1.0,1.72,1.72,1.66,1.68,62906.0
2015-12-04,1.7,1.75,1.68,1.69,73932.0,0.0,1.0,1.7,1.75,1.68,1.69,73932.0
2015-12-03,1.7,1.7,1.66,1.67,53403.0,0.0,1.0,1.7,1.7,1.66,1.67,53403.0
2015-12-02,1.66,1.73,1.65,1.68,29849.0,0.0,1.0,1.66,1.73,1.65,1.68,29849.0
2015-12-01,1.85,1.85,1.66,1.67,79346.0,0.0,1.0,1.85,1.85,1.66,1.67,79346.0
2015-11-30,1.84,1.84,1.7,1.74,161313.0,0.0,1.0,1.84,1.84,1.7,1.74,161313.0
2015-11-27,1.82,1.88,1.81,1.82,1979.0,0.0,1.0,1.82,1.88,1.81,1.82,1979.0
2015-11-25,1.82,1.92,1.8,1.83,26065.0,0.0,1.0,1.82,1.92,1.8,1.83,26065.0
2015-11-24,2.14,2.14,1.86,1.87,4000.0,0.0,1.0,2.14,2.14,1.86,1.87,4000.0
2015-11-23,1.89,1.91,1.82,1.83,10823.0,0.0,1.0,1.89,1.91,1.82,1.83,10823.0
2015-11-20,1.9501,1.96,1.91,1.91,9895.0,0.0,1.0,1.9501,1.96,1.91,1.91,9895.0
2015-11-19,1.93,1.96,1.89,1.94,10555.0,0.0,1.0,1.93,1.96,1.89,1.94,10555.0
2015-11-18,1.93,1.93,1.89,1.91,15827.0,0.0,1.0,1.93,1.93,1.89,1.91,15827.0
2015-11-17,1.9,1.99,1.9,1.94,47968.0,0.0,1.0,1.9,1.99,1.9,1.94,47968.0
2015-11-16,1.93,1.95,1.92,1.93,8782.0,0.0,1.0,1.93,1.95,1.92,1.93,8782.0
2015-11-13,1.89,1.98,1.89,1.95,14149.0,0.0,1.0,1.89,1.98,1.89,1.95,14149.0
2015-11-12,2.0,2.01,1.85,1.93,18542.0,0.0,1.0,2.0,2.01,1.85,1.93,18542.0
2015-11-11,1.99,2.04,1.98,2.0,17963.0,0.0,1.0,1.99,2.04,1.98,2.0,17963.0
2015-11-10,1.92,2.05,1.92,2.0,3782.0,0.0,1.0,1.92,2.05,1.92,2.0,3782.0
2015-11-09,2.0,2.04,1.92,2.01,12857.0,0.0,1.0,2.0,2.04,1.92,2.01,12857.0
2015-11-06,2.16,2.16,1.96,1.99,20015.0,0.0,1.0,2.16,2.16,1.96,1.99,20015.0
2015-11-05,2.1,2.13,1.98,2.04,64239.0,0.0,1.0,2.1,2.13,1.98,2.04,64239.0
2015-11-04,2.15,2.2,2.1,2.13,26171.0,0.0,1.0,2.15,2.2,2.1,2.13,26171.0
2015-11-03,2.09,2.23,2.09,2.16,17623.0,0.0,1.0,2.09,2.23,2.09,2.16,17623.0
2015-11-02,2.12,2.22,2.12,2.19,22318.0,0.0,1.0,2.12,2.22,2.12,2.19,22318.0
2015-10-30,2.24,2.3,2.15,2.15,54350.0,0.0,1.0,2.24,2.3,2.15,2.15,54350.0
2015-10-29,2.19,2.255,2.18,2.24,23872.0,0.0,1.0,2.19,2.255,2.18,2.24,23872.0
2015-10-28,2.25,2.31,2.16,2.2,17729.0,0.0,1.0,2.25,2.31,2.16,2.2,17729.0
2015-10-27,2.27,2.27,2.18,2.18,30048.0,0.0,1.0,2.27,2.27,2.18,2.18,30048.0
2015-10-26,2.23,2.29,2.1929,2.27,8137.0,0.0,1.0,2.23,2.29,2.1929,2.27,8137.0
2015-10-23,2.26,2.28,2.23,2.25,16717.0,0.0,1.0,2.26,2.28,2.23,2.25,16717.0
2015-10-22,2.29,2.36,2.29,2.33,2399.0,0.0,1.0,2.29,2.36,2.29,2.33,2399.0
2015-10-21,2.29,2.32,2.25,2.3,16098.0,0.0,1.0,2.29,2.32,2.25,2.3,16098.0
2015-10-20,2.3,2.34,2.27,2.29,18378.0,0.0,1.0,2.3,2.34,2.27,2.29,18378.0
2015-10-19,2.3,2.35,2.29,2.31,2013.0,0.0,1.0,2.3,2.35,2.29,2.31,2013.0
2015-10-16,2.31,2.35,2.28,2.29,21087.0,0.0,1.0,2.31,2.35,2.28,2.29,21087.0
2015-10-15,2.28,2.33,2.2,2.33,57995.0,0.0,1.0,2.28,2.33,2.2,2.33,57995.0
2015-10-14,2.39,2.39,2.25,2.25,41136.0,0.0,1.0,2.39,2.39,2.25,2.25,41136.0
2015-10-13,2.38,2.4899,2.38,2.4,15888.0,0.0,1.0,2.38,2.4899,2.38,2.4,15888.0
2015-10-12,2.47,2.47,2.38,2.39,7553.0,0.0,1.0,2.47,2.47,2.38,2.39,7553.0
2015-10-09,2.5,2.5,2.45,2.46,4503.0,0.0,1.0,2.5,2.5,2.45,2.46,4503.0
2015-10-08,2.38,2.48,2.37,2.46,4570.0,0.0,1.0,2.38,2.48,2.37,2.46,4570.0
2015-10-07,2.46,2.53,2.36,2.37,16890.0,0.0,1.0,2.46,2.53,2.36,2.37,16890.0
2015-10-06,2.43,2.47,2.34,2.42,5660.0,0.0,1.0,2.43,2.47,2.34,2.42,5660.0
2015-10-05,2.15,2.416,2.15,2.32,86862.0,0.0,1.0,2.15,2.416,2.15,2.32,86862.0
2015-10-02,2.09,2.2,2.08,2.13,25809.0,0.0,1.0,2.09,2.2,2.08,2.13,25809.0
2015-10-01,2.15,2.25,2.07,2.12,34303.0,0.0,1.0,2.15,2.25,2.07,2.12,34303.0
2015-09-30,2.29,2.29,2.1,2.13,28221.0,0.0,1.0,2.29,2.29,2.1,2.13,28221.0
2015-09-29,2.3,2.35,2.2,2.21,45335.0,0.0,1.0,2.3,2.35,2.2,2.21,45335.0
2015-09-28,2.46,2.51,2.23,2.3,150837.0,0.0,1.0,2.46,2.51,2.23,2.3,150837.0
2015-09-25,2.43,2.57,2.39,2.45,56304.0,0.0,1.0,2.43,2.57,2.39,2.45,56304.0
2015-09-24,2.52,2.57,2.42,2.44,82597.0,0.0,1.0,2.52,2.57,2.42,2.44,82597.0
2015-09-23,2.63,2.67,2.53,2.55,27156.0,0.0,1.0,2.63,2.67,2.53,2.55,27156.0
2015-09-22,2.65,2.74,2.5103,2.61,103795.0,0.0,1.0,2.65,2.74,2.5103,2.61,103795.0
2015-09-21,2.57,2.68,2.57,2.67,30826.0,0.0,1.0,2.57,2.68,2.57,2.67,30826.0
2015-09-18,2.5,2.57,2.42,2.57,95064.0,0.0,1.0,2.5,2.57,2.42,2.57,95064.0
2015-09-17,2.5,2.53,2.39,2.46,77746.0,0.0,1.0,2.5,2.53,2.39,2.46,77746.0
2015-09-16,2.56,2.58,2.4201,2.5,54893.0,0.0,1.0,2.56,2.58,2.4201,2.5,54893.0
2015-09-15,2.6,2.64,2.52,2.53,20639.0,0.0,1.0,2.6,2.64,2.52,2.53,20639.0
2015-09-14,2.59,2.59,2.52,2.56,13845.0,0.0,1.0,2.59,2.59,2.52,2.56,13845.0
2015-09-11,2.5649,2.58,2.51,2.55,49691.0,0.0,1.0,2.5649,2.58,2.51,2.55,49691.0
2015-09-10,2.5701,2.58,2.55,2.55,8556.0,0.0,1.0,2.5701,2.58,2.55,2.55,8556.0
2015-09-09,2.58,2.61,2.55,2.58,21234.0,0.0,1.0,2.58,2.61,2.55,2.58,21234.0
2015-09-08,2.67,2.67,2.55,2.58,15089.0,0.0,1.0,2.67,2.67,2.55,2.58,15089.0
2015-09-04,2.51,2.6221,2.51,2.58,59668.0,0.0,1.0,2.51,2.6221,2.51,2.58,59668.0
2015-09-03,2.81,2.85,2.63,2.66,49806.0,0.0,1.0,2.81,2.85,2.63,2.66,49806.0
2015-09-02,2.79,2.94,2.79,2.82,13071.0,0.0,1.0,2.79,2.94,2.79,2.82,13071.0
2015-09-01,3.05,3.3,2.6,2.79,125497.0,0.0,1.0,3.05,3.3,2.6,2.79,125497.0
2015-08-31,2.89,3.19,2.78,3.1,37868.0,0.0,1.0,2.89,3.19,2.78,3.1,37868.0
2015-08-28,2.7,2.98,2.7,2.84,25394.0,0.0,1.0,2.7,2.98,2.7,2.84,25394.0
2015-08-27,2.57,2.73,2.57,2.7,95265.0,0.0,1.0,2.57,2.73,2.57,2.7,95265.0
2015-08-26,2.5889,2.5889,2.4,2.52,67335.0,0.0,1.0,2.5889,2.5889,2.4,2.52,67335.0
2015-08-25,2.61,2.64,2.46,2.6,43999.0,0.0,1.0,2.61,2.64,2.46,2.6,43999.0
2015-08-24,2.52,2.55,2.47,2.55,39848.0,0.0,1.0,2.52,2.55,2.47,2.55,39848.0
2015-08-21,2.49,2.62,2.45,2.6199,24353.0,0.0,1.0,2.49,2.62,2.45,2.6199,24353.0
2015-08-20,2.51,2.55,2.48,2.51,26088.0,0.0,1.0,2.51,2.55,2.48,2.51,26088.0
2015-08-19,2.58,2.63,2.49,2.52,34074.0,0.0,1.0,2.58,2.63,2.49,2.52,34074.0
2015-08-18,2.57,2.73,2.57,2.62,28704.0,0.0,1.0,2.57,2.73,2.57,2.62,28704.0
2015-08-17,2.52,2.63,2.46,2.61,20025.0,0.0,1.0,2.52,2.63,2.46,2.61,20025.0
2015-08-14,2.37,2.57,2.314,2.5,42720.0,0.0,1.0,2.37,2.57,2.314,2.5,42720.0
2015-08-13,2.47,2.47,2.35,2.36,23377.0,0.0,1.0,2.47,2.47,2.35,2.36,23377.0
2015-08-12,2.49,2.54,2.45,2.455,26631.0,0.0,1.0,2.49,2.54,2.45,2.455,26631.0
2015-08-11,2.579,2.6,2.5,2.55,29596.0,0.0,1.0,2.579,2.6,2.5,2.55,29596.0
2015-08-10,2.72,2.72,2.61,2.65,63587.0,0.0,1.0,2.72,2.72,2.61,2.65,63587.0
2015-08-07,2.73,2.89,2.73,2.735,92174.0,0.0,1.0,2.73,2.89,2.73,2.735,92174.0
2015-08-06,2.3,2.78,2.3,2.69,75495.0,0.0,1.0,2.3,2.78,2.3,2.69,75495.0
2015-08-05,2.41,2.52,2.41,2.43,22171.0,0.0,1.0,2.41,2.52,2.41,2.43,22171.0
2015-08-04,2.48,2.48,2.3,2.4,50811.0,0.0,1.0,2.48,2.48,2.3,2.4,50811.0
2015-08-03,2.52,2.58,2.4,2.48,88429.0,0.0,1.0,2.52,2.58,2.4,2.48,88429.0
2015-07-31,2.62,2.69,2.44,2.44,51984.0,0.0,1.0,2.62,2.69,2.44,2.44,51984.0
2015-07-30,2.69,2.69,2.5696,2.59,16285.0,0.0,1.0,2.69,2.69,2.5696,2.59,16285.0
2015-07-29,2.58,2.76,2.58,2.73,42134.0,0.0,1.0,2.58,2.76,2.58,2.73,42134.0
2015-07-28,2.61,2.61,2.525,2.57,16088.0,0.0,1.0,2.61,2.61,2.525,2.57,16088.0
2015-07-27,2.66,2.83,2.556,2.61,41534.0,0.0,1.0,2.66,2.83,2.556,2.61,41534.0
2015-07-24,2.8756,2.8756,2.665,2.67,68606.0,0.0,1.0,2.8756,2.8756,2.665,2.67,68606.0
2015-07-23,2.96,3.0,2.69,2.73,92891.0,0.0,1.0,2.96,3.0,2.69,2.73,92891.0
2015-07-22,2.9,3.0,2.9,2.91,44124.0,0.0,1.0,2.9,3.0,2.9,2.91,44124.0
2015-07-21,3.02,3.07,2.9,2.9,54497.0,0.0,1.0,3.02,3.07,2.9,2.9,54497.0
2015-07-20,3.06,3.08,2.96,3.0,73592.0,0.0,1.0,3.06,3.08,2.96,3.0,73592.0
2015-07-17,3.02,3.15,3.0,3.06,110443.0,0.0,1.0,3.02,3.15,3.0,3.06,110443.0
2015-07-16,3.01,3.35,3.35,3.08,77738.0,0.0,1.0,3.01,3.35,3.35,3.08,77738.0
2015-07-15,3.0,3.19,2.94,3.13,61573.0,0.0,1.0,3.0,3.19,2.94,3.13,61573.0
2015-07-14,3.09,3.09,2.96,3.01,39372.0,0.0,1.0,3.09,3.09,2.96,3.01,39372.0
2015-07-10,3.17,3.27,3.1,3.19,23076.0,0.0,1.0,3.17,3.27,3.1,3.19,23076.0
2015-07-09,3.06,3.16,3.03,3.08,39786.0,0.0,1.0,3.06,3.16,3.03,3.08,39786.0
2015-07-08,3.15,3.24,3.06,3.06,76326.0,0.0,1.0,3.15,3.24,3.06,3.06,76326.0
2015-07-07,3.31,3.31,3.17,3.19,88079.0,0.0,1.0,3.31,3.31,3.17,3.19,88079.0
2015-07-06,3.36,3.41,3.29,3.32,46814.0,0.0,1.0,3.36,3.41,3.29,3.32,46814.0
2015-07-02,3.48,3.64,3.36,3.38,73155.0,0.0,1.0,3.48,3.64,3.36,3.38,73155.0
2015-07-01,3.19,3.59,3.19,3.45,123029.0,0.0,1.0,3.19,3.59,3.19,3.45,123029.0
2015-06-30,3.19,3.2,3.15,3.17,122765.0,0.0,1.0,3.19,3.2,3.15,3.17,122765.0
2015-06-29,3.29,3.3888,3.18,3.21,189187.0,0.0,1.0,3.29,3.3888,3.18,3.21,189187.0
2015-06-26,3.61,3.68,3.23,3.34,1806981.0,0.0,1.0,3.61,3.68,3.23,3.34,1806981.0
2015-06-25,3.54,3.63,3.46,3.58,119578.0,0.0,1.0,3.54,3.63,3.46,3.58,119578.0
2015-06-24,3.65,3.75,3.52,3.54,157960.0,0.0,1.0,3.65,3.75,3.52,3.54,157960.0
2015-06-23,3.52,3.7,3.51,3.69,207206.0,0.0,1.0,3.52,3.7,3.51,3.69,207206.0
2015-06-22,3.7,3.74,3.52,3.56,191168.0,0.0,1.0,3.7,3.74,3.52,3.56,191168.0
2015-06-19,3.63,3.72,3.58,3.66,115820.0,0.0,1.0,3.63,3.72,3.58,3.66,115820.0
2015-06-18,3.56,3.69,3.56,3.66,50666.0,0.0,1.0,3.56,3.69,3.56,3.66,50666.0
2015-06-17,3.66,3.66,3.515,3.57,134955.0,0.0,1.0,3.66,3.66,3.515,3.57,134955.0
2015-06-16,3.56,3.72,3.455,3.64,67918.0,0.0,1.0,3.56,3.72,3.455,3.64,67918.0
2015-06-15,3.92,4.08,3.56,3.59,139716.0,0.0,1.0,3.92,4.08,3.56,3.59,139716.0
2015-06-12,4.0,4.02,3.83,3.96,29463.0,0.0,1.0,4.0,4.02,3.83,3.96,29463.0
2015-06-11,3.94,4.08,3.89,4.0,182192.0,0.0,1.0,3.94,4.08,3.89,4.0,182192.0
2015-06-10,3.97,4.07,3.85,3.95,221210.0,0.0,1.0,3.97,4.07,3.85,3.95,221210.0
2015-06-09,3.9,3.95,3.77,3.93,51568.0,0.0,1.0,3.9,3.95,3.77,3.93,51568.0
2015-06-08,3.85,3.97,3.65,3.92,89948.0,0.0,1.0,3.85,3.97,3.65,3.92,89948.0
2015-06-05,3.88,3.91,3.79,3.87,50596.0,0.0,1.0,3.88,3.91,3.79,3.87,50596.0
2015-06-04,3.96,4.01,3.83,3.86,34624.0,0.0,1.0,3.96,4.01,3.83,3.86,34624.0
2015-06-03,3.92,4.08,3.852,4.0,57369.0,0.0,1.0,3.92,4.08,3.852,4.0,57369.0
2015-06-02,3.98,4.0,3.82,3.93,58251.0,0.0,1.0,3.98,4.0,3.82,3.93,58251.0
2015-06-01,3.51,4.06,3.4,4.01,281724.0,0.0,1.0,3.51,4.06,3.4,4.01,281724.0
2015-05-29,3.55,3.56,3.46,3.52,62709.0,0.0,1.0,3.55,3.56,3.46,3.52,62709.0
2015-05-28,3.58,3.65,3.5,3.58,22543.0,0.0,1.0,3.58,3.65,3.5,3.58,22543.0
2015-05-27,3.51,3.62,3.45,3.62,47292.0,0.0,1.0,3.51,3.62,3.45,3.62,47292.0
2015-05-26,3.68,3.68,3.36,3.53,71492.0,0.0,1.0,3.68,3.68,3.36,3.53,71492.0
2015-05-22,3.84,3.84,3.68,3.7,46956.0,0.0,1.0,3.84,3.84,3.68,3.7,46956.0
2015-05-21,3.81,3.89,3.77,3.81,37197.0,0.0,1.0,3.81,3.89,3.77,3.81,37197.0
2015-05-20,3.89,3.99,3.79,3.79,36407.0,0.0,1.0,3.89,3.99,3.79,3.79,36407.0
2015-05-19,3.745,3.93,3.67,3.86,124605.0,0.0,1.0,3.745,3.93,3.67,3.86,124605.0
2015-05-18,3.72,3.76,3.57,3.74,45532.0,0.0,1.0,3.72,3.76,3.57,3.74,45532.0
2015-05-15,3.64,3.73,3.58,3.7,68741.0,0.0,1.0,3.64,3.73,3.58,3.7,68741.0
2015-05-14,3.6,3.73,3.57,3.66,65760.0,0.0,1.0,3.6,3.73,3.57,3.66,65760.0
2015-05-13,3.66,3.73,3.56,3.57,50786.0,0.0,1.0,3.66,3.73,3.56,3.57,50786.0
2015-05-12,3.5,3.75,3.35,3.67,101502.0,0.0,1.0,3.5,3.75,3.35,3.67,101502.0
2015-05-11,3.53,3.71,3.5,3.52,150311.0,0.0,1.0,3.53,3.71,3.5,3.52,150311.0
2015-05-08,3.62,3.62,3.48,3.55,75719.0,0.0,1.0,3.62,3.62,3.48,3.55,75719.0
2015-05-07,3.41,3.56,3.35,3.54,68689.0,0.0,1.0,3.41,3.56,3.35,3.54,68689.0
2015-05-06,3.42,3.48,3.3,3.43,84727.0,0.0,1.0,3.42,3.48,3.3,3.43,84727.0
2015-05-05,3.57,3.69,3.32,3.42,129297.0,0.0,1.0,3.57,3.69,3.32,3.42,129297.0
2015-05-04,3.78,3.78,3.45,3.63,88462.0,0.0,1.0,3.78,3.78,3.45,3.63,88462.0
2015-05-01,3.16,3.86,3.16,3.8,209844.0,0.0,1.0,3.16,3.86,3.16,3.8,209844.0
2015-04-30,3.85,3.91,3.57,3.57,113040.0,0.0,1.0,3.85,3.91,3.57,3.57,113040.0
2015-04-29,3.82,3.94,3.75,3.92,47404.0,0.0,1.0,3.82,3.94,3.75,3.92,47404.0
2015-04-28,3.71,3.88,3.65,3.87,64685.0,0.0,1.0,3.71,3.88,3.65,3.87,64685.0
2015-04-27,3.68,3.8,3.38,3.73,71751.0,0.0,1.0,3.68,3.8,3.38,3.73,71751.0
2015-04-24,4.01,4.01,3.61,3.7,119424.0,0.0,1.0,4.01,4.01,3.61,3.7,119424.0
2015-04-23,4.16,4.16,3.88,3.99,88428.0,0.0,1.0,4.16,4.16,3.88,3.99,88428.0
2015-04-22,3.83,4.06,3.69,3.93,97375.0,0.0,1.0,3.83,4.06,3.69,3.93,97375.0
2015-04-21,4.16,4.22,3.58,3.77,210216.0,0.0,1.0,4.16,4.22,3.58,3.77,210216.0
2015-04-20,4.02,4.15,4.02,4.12,223531.0,0.0,1.0,4.02,4.15,4.02,4.12,223531.0
2015-04-17,3.92,3.95,3.82,3.92,79790.0,0.0,1.0,3.92,3.95,3.82,3.92,79790.0
2015-04-16,3.53,3.99,3.4,3.98,207120.0,0.0,1.0,3.53,3.99,3.4,3.98,207120.0
2015-04-15,3.4,3.539,3.35,3.51,79689.0,0.0,1.0,3.4,3.539,3.35,3.51,79689.0
2015-04-14,3.32,3.4,3.29,3.36,205736.0,0.0,1.0,3.32,3.4,3.29,3.36,205736.0
2015-04-13,3.3,3.35,3.23,3.3,667475.0,0.0,1.0,3.3,3.35,3.23,3.3,667475.0
2015-04-10,3.31,3.34,3.24,3.27,174192.0,0.0,1.0,3.31,3.34,3.24,3.27,174192.0
2015-04-09,3.32,3.39,3.2,3.27,138161.0,0.0,1.0,3.32,3.39,3.2,3.27,138161.0
2015-04-08,3.19,3.36,3.17,3.28,150511.0,0.0,1.0,3.19,3.36,3.17,3.28,150511.0
2015-04-07,3.15,3.21,3.12,3.18,56023.0,0.0,1.0,3.15,3.21,3.12,3.18,56023.0
2015-04-06,3.12,3.21,3.06,3.17,66610.0,0.0,1.0,3.12,3.21,3.06,3.17,66610.0
2015-04-02,3.2,3.23,3.12,3.16,30285.0,0.0,1.0,3.2,3.23,3.12,3.16,30285.0
2015-04-01,3.06,3.22,3.04,3.18,53387.0,0.0,1.0,3.06,3.22,3.04,3.18,53387.0
2015-03-31,2.99,3.1,2.99,3.08,36709.0,0.0,1.0,2.99,3.1,2.99,3.08,36709.0
2015-03-30,3.04,3.159,2.99,3.02,37381.0,0.0,1.0,3.04,3.159,2.99,3.02,37381.0
2015-03-27,3.0,3.04,2.98,3.04,102644.0,0.0,1.0,3.0,3.04,2.98,3.04,102644.0
2015-03-26,3.04,3.04,2.99,3.01,34865.0,0.0,1.0,3.04,3.04,2.99,3.01,34865.0
2015-03-25,3.04,3.08,2.99,3.03,42235.0,0.0,1.0,3.04,3.08,2.99,3.03,42235.0
2015-03-24,2.9,3.115,2.89,3.03,48192.0,0.0,1.0,2.9,3.115,2.89,3.03,48192.0
2015-03-23,2.88,3.0099,2.79,2.92,96532.0,0.0,1.0,2.88,3.0099,2.79,2.92,96532.0
2015-03-20,2.88,3.04,2.78,2.81,357354.0,0.0,1.0,2.88,3.04,2.78,2.81,357354.0
2015-03-19,2.84,3.1,2.83,2.87,113468.0,0.0,1.0,2.84,3.1,2.83,2.87,113468.0
2015-03-18,2.78,2.93,2.66,2.86,85449.0,0.0,1.0,2.78,2.93,2.66,2.86,85449.0
2015-03-17,2.64,2.77,2.59,2.77,64484.0,0.0,1.0,2.64,2.77,2.59,2.77,64484.0
2015-03-16,2.65,2.682,2.53,2.66,38213.0,0.0,1.0,2.65,2.682,2.53,2.66,38213.0
2015-03-13,2.64,2.65,2.6,2.63,23429.0,0.0,1.0,2.64,2.65,2.6,2.63,23429.0
2015-03-12,2.47,2.68,2.47,2.64,84837.0,0.0,1.0,2.47,2.68,2.47,2.64,84837.0
2015-03-11,2.63,2.63,2.41,2.46,67315.0,0.0,1.0,2.63,2.63,2.41,2.46,67315.0
2015-03-10,2.69,2.69,2.5775,2.62,28337.0,0.0,1.0,2.69,2.69,2.5775,2.62,28337.0
2015-03-09,2.72,2.93,2.7,2.72,43690.0,0.0,1.0,2.72,2.93,2.7,2.72,43690.0
2015-03-06,2.68,2.7186,2.63,2.7,45082.0,0.0,1.0,2.68,2.7186,2.63,2.7,45082.0
2015-03-05,2.75,2.77,2.652,2.71,30467.0,0.0,1.0,2.75,2.77,2.652,2.71,30467.0
2015-03-04,2.73,2.77,2.7,2.75,17860.0,0.0,1.0,2.73,2.77,2.7,2.75,17860.0
2015-03-03,2.64,2.83,2.64,2.75,18904.0,0.0,1.0,2.64,2.83,2.64,2.75,18904.0
2015-03-02,2.62,2.7,2.555,2.67,37826.0,0.0,1.0,2.62,2.7,2.555,2.67,37826.0
2015-02-27,2.65,2.66,2.585,2.61,64805.0,0.0,1.0,2.65,2.66,2.585,2.61,64805.0
2015-02-26,2.67,2.8,2.52,2.67,54634.0,0.0,1.0,2.67,2.8,2.52,2.67,54634.0
2015-02-25,2.68,2.75,2.59,2.66,57453.0,0.0,1.0,2.68,2.75,2.59,2.66,57453.0
2015-02-24,2.78,2.89,2.67,2.69,64345.0,0.0,1.0,2.78,2.89,2.67,2.69,64345.0
2015-02-23,2.91,2.91,2.69,2.79,47473.0,0.0,1.0,2.91,2.91,2.69,2.79,47473.0
2015-02-20,3.14,3.14,2.87,2.9,79943.0,0.0,1.0,3.14,3.14,2.87,2.9,79943.0
2015-02-19,3.06,3.16,3.06,3.13,53356.0,0.0,1.0,3.06,3.16,3.06,3.13,53356.0
2015-02-18,3.18,3.239,2.95,3.08,112335.0,0.0,1.0,3.18,3.239,2.95,3.08,112335.0
2015-02-17,2.97,3.5,2.97,3.21,200388.0,0.0,1.0,2.97,3.5,2.97,3.21,200388.0
2015-02-13,2.41,2.8799,2.29,2.86,179870.0,0.0,1.0,2.41,2.8799,2.29,2.86,179870.0
2015-02-12,2.11,2.58,2.15,2.39,215957.0,0.0,1.0,2.11,2.58,2.15,2.39,215957.0
2015-02-11,2.01,2.1,1.95,2.06,57462.0,0.0,1.0,2.01,2.1,1.95,2.06,57462.0
2015-02-10,2.06,2.08,1.91,2.02,29815.0,0.0,1.0,2.06,2.08,1.91,2.02,29815.0
2015-02-09,2.06,2.2,2.0,2.03,54153.0,0.0,1.0,2.06,2.2,2.0,2.03,54153.0
2015-02-06,2.03,2.12,1.98,2.05,88565.0,0.0,1.0,2.03,2.12,1.98,2.05,88565.0
2015-02-05,1.9101,2.14,1.9101,2.04,118044.0,0.0,1.0,1.9101,2.14,1.9101,2.04,118044.0
2015-02-04,1.82,1.93,1.7933,1.9,44363.0,0.0,1.0,1.82,1.93,1.7933,1.9,44363.0
2015-02-03,1.8,1.89,1.8,1.82,79222.0,0.0,1.0,1.8,1.89,1.8,1.82,79222.0
2015-02-02,1.9,1.96,1.75,1.8,67110.0,0.0,1.0,1.9,1.96,1.75,1.8,67110.0
2015-01-30,1.75,1.92,1.67,1.88,304026.0,0.0,1.0,1.75,1.92,1.67,1.88,304026.0
2015-01-29,1.81,1.98,1.75,1.81,88360.0,0.0,1.0,1.81,1.98,1.75,1.81,88360.0
2015-01-28,1.87,1.87,1.72,1.75,65244.0,0.0,1.0,1.87,1.87,1.72,1.75,65244.0
2015-01-26,1.81,1.93,1.8,1.86,138863.0,0.0,1.0,1.81,1.93,1.8,1.86,138863.0
2015-01-23,1.95,1.97,1.79,1.82,110957.0,0.0,1.0,1.95,1.97,1.79,1.82,110957.0
2015-01-22,1.69,2.0075,1.6,1.95,188513.0,0.0,1.0,1.69,2.0075,1.6,1.95,188513.0
2015-01-21,1.65,1.76,1.615,1.66,18150.0,0.0,1.0,1.65,1.76,1.615,1.66,18150.0
2015-01-20,1.67,1.71,1.59,1.67,44419.0,0.0,1.0,1.67,1.71,1.59,1.67,44419.0
2015-01-15,1.71,1.71,1.58,1.64,119807.0,0.0,1.0,1.71,1.71,1.58,1.64,119807.0
2015-01-14,1.78,1.78,1.65,1.7,83614.0,0.0,1.0,1.78,1.78,1.65,1.7,83614.0
2015-01-12,1.6,1.65,1.49,1.49,21949.0,0.0,1.0,1.6,1.65,1.49,1.49,21949.0
2015-01-08,1.64,1.68,1.57,1.66,101213.0,0.0,1.0,1.64,1.68,1.57,1.66,101213.0
2015-01-06,1.58,1.62,1.51,1.55,57440.0,0.0,1.0,1.58,1.62,1.51,1.55,57440.0
2015-01-05,1.64,1.94,1.56,1.58,78304.0,0.0,1.0,1.64,1.94,1.56,1.58,78304.0
2015-01-02,1.69,1.7,1.6,1.66,38459.0,0.0,1.0,1.69,1.7,1.6,1.66,38459.0
2014-12-31,1.66,1.71,1.63,1.67,79238.0,0.0,1.0,1.66,1.71,1.63,1.67,79238.0
2014-12-30,1.69,1.7,1.58,1.65,46093.0,0.0,1.0,1.69,1.7,1.58,1.65,46093.0
2014-12-26,1.7,1.735,1.64,1.72,47346.0,0.0,1.0,1.7,1.735,1.64,1.72,47346.0
2014-12-24,1.71,1.71,1.615,1.66,12266.0,0.0,1.0,1.71,1.71,1.615,1.66,12266.0
2014-12-23,1.72,1.72,1.64,1.69,21315.0,0.0,1.0,1.72,1.72,1.64,1.69,21315.0
2014-12-22,1.69,1.73,1.65,1.69,37162.0,0.0,1.0,1.69,1.73,1.65,1.69,37162.0
2014-12-19,1.65,1.83,1.4864,1.7,84221.0,0.0,1.0,1.65,1.83,1.4864,1.7,84221.0
2014-12-18,1.6,1.68,1.6,1.66,61841.0,0.0,1.0,1.6,1.68,1.6,1.66,61841.0
2014-12-17,1.49,1.58,1.39,1.57,153276.0,0.0,1.0,1.49,1.58,1.39,1.57,153276.0
2014-12-16,1.48,1.53,1.47,1.5,211427.0,0.0,1.0,1.48,1.53,1.47,1.5,211427.0
2014-12-15,1.45,1.53,1.45,1.47,123935.0,0.0,1.0,1.45,1.53,1.45,1.47,123935.0
2014-12-12,1.41,1.49,1.41,1.45,77074.0,0.0,1.0,1.41,1.49,1.41,1.45,77074.0
2014-12-10,1.4,1.44,1.35,1.4,417399.0,0.0,1.0,1.4,1.44,1.35,1.4,417399.0
2014-12-09,1.51,1.566,1.35,1.38,484431.0,0.0,1.0,1.51,1.566,1.35,1.38,484431.0
2014-12-05,1.51,1.6,1.46,1.56,194236.0,0.0,1.0,1.51,1.6,1.46,1.56,194236.0
2014-12-04,1.58,1.67,1.5,1.51,175912.0,0.0,1.0,1.58,1.67,1.5,1.51,175912.0
2014-12-02,1.58,1.7,1.57,1.6,61288.0,0.0,1.0,1.58,1.7,1.57,1.6,61288.0
2014-12-01,1.69,1.69,1.57,1.57,242839.0,0.0,1.0,1.69,1.69,1.57,1.57,242839.0
2014-11-28,1.7,1.72,1.65,1.69,57776.0,0.0,1.0,1.7,1.72,1.65,1.69,57776.0
2014-11-26,1.71,1.72,1.64,1.71,103637.0,0.0,1.0,1.71,1.72,1.64,1.71,103637.0
2014-11-25,1.69,1.72,1.65,1.72,28625.0,0.0,1.0,1.69,1.72,1.65,1.72,28625.0
2014-11-24,1.85,1.86,1.6273,1.69,254588.0,0.0,1.0,1.85,1.86,1.6273,1.69,254588.0
2014-11-21,1.85,1.93,1.759,1.85,125948.0,0.0,1.0,1.85,1.93,1.759,1.85,125948.0
2014-11-20,1.79,1.84,1.65,1.81,198041.0,0.0,1.0,1.79,1.84,1.65,1.81,198041.0
2014-11-19,1.78,1.87,1.78,1.8,59173.0,0.0,1.0,1.78,1.87,1.78,1.8,59173.0
2014-11-18,1.91,1.97,1.75,1.78,197045.0,0.0,1.0,1.91,1.97,1.75,1.78,197045.0
2014-11-17,2.01,2.06,1.89,1.91,187728.0,0.0,1.0,2.01,2.06,1.89,1.91,187728.0
2014-11-12,2.16,2.16,1.5,1.87,577757.0,0.0,1.0,2.16,2.16,1.5,1.87,577757.0
2014-11-11,2.31,2.31,2.06,2.2,209491.0,0.0,1.0,2.31,2.31,2.06,2.2,209491.0
2014-11-10,2.42,2.51,2.28,2.32,82704.0,0.0,1.0,2.42,2.51,2.28,2.32,82704.0
2014-11-07,2.28,2.42,2.23,2.41,88485.0,0.0,1.0,2.28,2.42,2.23,2.41,88485.0
2014-11-06,2.3,2.33,2.23,2.3,30605.0,0.0,1.0,2.3,2.33,2.23,2.3,30605.0
2014-11-04,2.52,2.595,2.3,2.38,84608.0,0.0,1.0,2.52,2.595,2.3,2.38,84608.0
2014-11-03,2.46,2.64,2.44,2.51,67658.0,0.0,1.0,2.46,2.64,2.44,2.51,67658.0
2014-10-31,2.47,2.5,2.38,2.49,102010.0,0.0,1.0,2.47,2.5,2.38,2.49,102010.0
2014-10-30,2.29,2.49,2.27,2.39,70796.0,0.0,1.0,2.29,2.49,2.27,2.39,70796.0
2014-10-29,2.37,2.39,2.2,2.31,113958.0,0.0,1.0,2.37,2.39,2.2,2.31,113958.0
2014-10-28,2.33,2.41,2.25,2.37,115796.0,0.0,1.0,2.33,2.41,2.25,2.37,115796.0
2014-10-27,2.53,2.53,2.26,2.31,215751.0,0.0,1.0,2.53,2.53,2.26,2.31,215751.0
2014-10-24,2.63,2.63,2.54,2.56,19855.0,0.0,1.0,2.63,2.63,2.54,2.56,19855.0
2014-10-23,2.5,2.635,2.425,2.62,49695.0,0.0,1.0,2.5,2.635,2.425,2.62,49695.0
2014-10-22,2.74,2.74,2.46,2.47,68491.0,0.0,1.0,2.74,2.74,2.46,2.47,68491.0
2014-10-21,2.63,2.84,2.63,2.75,100628.0,0.0,1.0,2.63,2.84,2.63,2.75,100628.0
2014-10-20,2.57,2.64,2.46,2.62,217953.0,0.0,1.0,2.57,2.64,2.46,2.62,217953.0
2014-10-17,2.69,2.7,2.58,2.6,69586.0,0.0,1.0,2.69,2.7,2.58,2.6,69586.0
2014-10-16,2.47,2.71,2.28,2.64,124618.0,0.0,1.0,2.47,2.71,2.28,2.64,124618.0
2014-10-15,2.44,2.54,2.17,2.54,126401.0,0.0,1.0,2.44,2.54,2.17,2.54,126401.0
2014-10-14,2.16,2.43,2.16,2.33,145811.0,0.0,1.0,2.16,2.43,2.16,2.33,145811.0
2014-10-13,2.22,2.31,2.1516,2.16,198402.0,0.0,1.0,2.22,2.31,2.1516,2.16,198402.0
2014-10-10,2.26,2.41,2.17,2.24,370353.0,0.0,1.0,2.26,2.41,2.17,2.24,370353.0
2014-10-09,2.53,2.56,2.15,2.28,866143.0,0.0,1.0,2.53,2.56,2.15,2.28,866143.0
2014-10-08,2.73,2.73,2.5332,2.55,395377.0,0.0,1.0,2.73,2.73,2.5332,2.55,395377.0
2014-10-07,2.71,2.78,2.71,2.75,143001.0,0.0,1.0,2.71,2.78,2.71,2.75,143001.0
2014-10-06,2.8,2.8,2.68,2.75,71148.0,0.0,1.0,2.8,2.8,2.68,2.75,71148.0
2014-10-03,2.81,2.89,2.6676,2.75,163248.0,0.0,1.0,2.81,2.89,2.6676,2.75,163248.0
2014-10-02,2.76,2.83,2.67,2.76,121688.0,0.0,1.0,2.76,2.83,2.67,2.76,121688.0
2014-10-01,3.15,3.15,2.7,2.75,245651.0,0.0,1.0,3.15,3.15,2.7,2.75,245651.0
2014-09-30,3.01,3.18,2.9,3.18,578400.0,0.0,1.0,3.01,3.18,2.9,3.18,578400.0
2014-09-29,2.95,3.01,2.95,3.01,41238.0,0.0,1.0,2.95,3.01,2.95,3.01,41238.0
2014-09-26,2.93,3.0,2.9,3.0,46735.0,0.0,1.0,2.93,3.0,2.9,3.0,46735.0
2014-09-25,3.09,3.15,2.85,2.93,139803.0,0.0,1.0,3.09,3.15,2.85,2.93,139803.0
2014-09-24,3.07,3.15,3.03,3.11,229100.0,0.0,1.0,3.07,3.15,3.03,3.11,229100.0
2014-09-23,3.06,3.08,2.97,3.05,75122.0,0.0,1.0,3.06,3.08,2.97,3.05,75122.0
2014-09-22,3.12,3.12,2.97,3.08,70560.0,0.0,1.0,3.12,3.12,2.97,3.08,70560.0
2014-09-19,3.17,3.2,3.09,3.15,177079.0,0.0,1.0,3.17,3.2,3.09,3.15,177079.0
2014-09-18,3.16,3.21,3.08,3.17,49309.0,0.0,1.0,3.16,3.21,3.08,3.17,49309.0
2014-09-17,3.1,3.17,3.09,3.14,36058.0,0.0,1.0,3.1,3.17,3.09,3.14,36058.0
2014-09-16,3.08,3.11,3.04,3.1,61607.0,0.0,1.0,3.08,3.11,3.04,3.1,61607.0
2014-09-15,3.15,3.15,3.04,3.1,173700.0,0.0,1.0,3.15,3.15,3.04,3.1,173700.0
2014-09-12,3.16,3.17,3.08,3.12,81318.0,0.0,1.0,3.16,3.17,3.08,3.12,81318.0
2014-09-11,3.15,3.18,3.1,3.18,105506.0,0.0,1.0,3.15,3.18,3.1,3.18,105506.0
2014-09-10,3.12,3.18,3.1,3.18,40476.0,0.0,1.0,3.12,3.18,3.1,3.18,40476.0
2014-09-09,3.25,3.25,3.06,3.13,94550.0,0.0,1.0,3.25,3.25,3.06,3.13,94550.0
2014-09-08,3.16,3.26,3.16,3.24,67224.0,0.0,1.0,3.16,3.26,3.16,3.24,67224.0
2014-09-05,3.14,3.2925,3.06,3.16,55377.0,0.0,1.0,3.14,3.2925,3.06,3.16,55377.0
2014-09-04,3.21,3.26,3.11,3.16,109065.0,0.0,1.0,3.21,3.26,3.11,3.16,109065.0
2014-09-03,3.21,3.41,3.02,3.21,412919.0,0.0,1.0,3.21,3.41,3.02,3.21,412919.0
2014-09-02,3.01,3.29,2.98,3.24,108841.0,0.0,1.0,3.01,3.29,2.98,3.24,108841.0
2014-08-29,2.97,3.03,2.9,3.01,51639.0,0.0,1.0,2.97,3.03,2.9,3.01,51639.0
2014-08-28,3.04,3.04,2.95,2.95,38815.0,0.0,1.0,3.04,3.04,2.95,2.95,38815.0
2014-08-27,2.97,3.1,2.95,3.05,104153.0,0.0,1.0,2.97,3.1,2.95,3.05,104153.0
2014-08-26,2.93,2.99,2.84,2.96,44296.0,0.0,1.0,2.93,2.99,2.84,2.96,44296.0
2014-08-25,2.95,2.96,2.83,2.9,39001.0,0.0,1.0,2.95,2.96,2.83,2.9,39001.0
2014-08-22,3.02,3.02,2.92,2.92,43607.0,0.0,1.0,3.02,3.02,2.92,2.92,43607.0
2014-08-21,2.94,3.06,2.9,3.02,51504.0,0.0,1.0,2.94,3.06,2.9,3.02,51504.0
2014-08-20,3.02,3.02,2.92,2.95,37220.0,0.0,1.0,3.02,3.02,2.92,2.95,37220.0
2014-08-19,3.07,3.07,2.93,3.02,49867.0,0.0,1.0,3.07,3.07,2.93,3.02,49867.0
2014-08-18,3.1,3.12,2.98,3.03,90947.0,0.0,1.0,3.1,3.12,2.98,3.03,90947.0
2014-08-15,2.96,3.09,2.9,3.06,327503.0,0.0,1.0,2.96,3.09,2.9,3.06,327503.0
2014-08-14,3.0,3.0,2.88,2.92,200737.0,0.0,1.0,3.0,3.0,2.88,2.92,200737.0
2014-08-13,2.9,3.02,2.87,3.0,155642.0,0.0,1.0,2.9,3.02,2.87,3.0,155642.0
2014-08-12,3.2,3.2,2.88,2.91,293135.0,0.0,1.0,3.2,3.2,2.88,2.91,293135.0
2014-08-11,3.24,3.43,3.16,3.23,199359.0,0.0,1.0,3.24,3.43,3.16,3.23,199359.0
2014-08-08,3.0,3.16,2.76,3.13,324845.0,0.0,1.0,3.0,3.16,2.76,3.13,324845.0
2014-08-07,3.34,3.38,2.94,3.07,365670.0,0.0,1.0,3.34,3.38,2.94,3.07,365670.0
2014-08-06,3.4,3.56,3.25,3.32,423294.0,0.0,1.0,3.4,3.56,3.25,3.32,423294.0
2014-08-05,4.18,4.18,3.23,3.41,606891.0,0.0,1.0,4.18,4.18,3.23,3.41,606891.0
2014-08-04,4.22,4.3,4.15,4.24,101258.0,0.0,1.0,4.22,4.3,4.15,4.24,101258.0
2014-08-01,4.39,4.42,4.1,4.27,123840.0,0.0,1.0,4.39,4.42,4.1,4.27,123840.0
2014-07-31,4.46,4.612,4.34,4.37,89064.0,0.0,1.0,4.46,4.612,4.34,4.37,89064.0
2014-07-30,4.47,4.59,4.42,4.53,100441.0,0.0,1.0,4.47,4.59,4.42,4.53,100441.0
2014-07-29,4.55,4.57,4.371,4.46,96200.0,0.0,1.0,4.55,4.57,4.371,4.46,96200.0
2014-07-28,4.7,4.76,4.51,4.56,69955.0,0.0,1.0,4.7,4.76,4.51,4.56,69955.0
2014-07-25,4.72,4.77,4.65,4.69,68000.0,0.0,1.0,4.72,4.77,4.65,4.69,68000.0
2014-07-24,4.9,4.95,4.75,4.78,106300.0,0.0,1.0,4.9,4.95,4.75,4.78,106300.0
2014-07-23,4.88,4.89,4.76,4.87,98000.0,0.0,1.0,4.88,4.89,4.76,4.87,98000.0
2014-07-22,4.88,4.97,4.82,4.86,47600.0,0.0,1.0,4.88,4.97,4.82,4.86,47600.0
2014-07-21,4.88,4.92,4.8,4.87,77000.0,0.0,1.0,4.88,4.92,4.8,4.87,77000.0
2014-07-18,4.82,4.9,4.77,4.88,58800.0,0.0,1.0,4.82,4.9,4.77,4.88,58800.0
2014-07-17,4.83,5.03,4.79,4.83,200600.0,0.0,1.0,4.83,5.03,4.79,4.83,200600.0
2014-07-16,4.94,5.04,4.83,4.87,109200.0,0.0,1.0,4.94,5.04,4.83,4.87,109200.0
2014-07-15,4.95,4.96,4.81,4.87,79500.0,0.0,1.0,4.95,4.96,4.81,4.87,79500.0
2014-07-14,4.88,5.07,4.75,4.91,556700.0,0.0,1.0,4.88,5.07,4.75,4.91,556700.0
2014-07-11,4.75,4.88,4.68,4.85,72000.0,0.0,1.0,4.75,4.88,4.68,4.85,72000.0
2014-07-10,4.65,4.76,4.53,4.75,156100.0,0.0,1.0,4.65,4.76,4.53,4.75,156100.0
2014-07-09,4.68,4.78,4.59,4.75,142600.0,0.0,1.0,4.68,4.78,4.59,4.75,142600.0
2014-07-08,4.81,4.88,4.54,4.67,146800.0,0.0,1.0,4.81,4.88,4.54,4.67,146800.0
2014-07-07,4.78,4.91,4.65,4.82,190600.0,0.0,1.0,4.78,4.91,4.65,4.82,190600.0
2014-07-03,4.74,4.89,4.74,4.79,51100.0,0.0,1.0,4.74,4.89,4.74,4.79,51100.0
2014-07-02,4.93,5.03,4.67,4.74,166500.0,0.0,1.0,4.93,5.03,4.67,4.74,166500.0
2014-07-01,4.96,5.05,4.85,4.95,110200.0,0.0,1.0,4.96,5.05,4.85,4.95,110200.0
2014-06-30,4.82,5.01,4.75,4.93,243500.0,0.0,1.0,4.82,5.01,4.75,4.93,243500.0
2014-06-27,4.91,5.06,4.75,4.75,2991200.0,0.0,1.0,4.91,5.06,4.75,4.75,2991200.0
2014-06-26,4.73,4.95,4.7,4.91,102100.0,0.0,1.0,4.73,4.95,4.7,4.91,102100.0
2014-06-25,4.78,4.92,4.66,4.74,169200.0,0.0,1.0,4.78,4.92,4.66,4.74,169200.0
2014-06-24,4.8,4.94,4.75,4.77,163100.0,0.0,1.0,4.8,4.94,4.75,4.77,163100.0
2014-06-23,4.66,4.84,4.51,4.78,216900.0,0.0,1.0,4.66,4.84,4.51,4.78,216900.0
2014-06-20,4.55,4.71,4.46,4.68,137800.0,0.0,1.0,4.55,4.71,4.46,4.68,137800.0
2014-06-19,4.63,4.71,4.48,4.55,114500.0,0.0,1.0,4.63,4.71,4.48,4.55,114500.0
2014-06-18,4.51,4.71,4.47,4.63,103200.0,0.0,1.0,4.51,4.71,4.47,4.63,103200.0
2014-06-17,4.44,4.62,4.44,4.56,84200.0,0.0,1.0,4.44,4.62,4.44,4.56,84200.0
2014-06-16,4.63,4.71,4.39,4.46,93500.0,0.0,1.0,4.63,4.71,4.39,4.46,93500.0
2014-06-13,4.49,4.64,4.33,4.62,165900.0,0.0,1.0,4.49,4.64,4.33,4.62,165900.0
2014-06-12,4.56,4.63,4.44,4.5,215400.0,0.0,1.0,4.56,4.63,4.44,4.5,215400.0
2014-06-11,4.56,4.71,4.46,4.55,100400.0,0.0,1.0,4.56,4.71,4.46,4.55,100400.0
2014-06-10,4.47,4.73,4.47,4.57,157200.0,0.0,1.0,4.47,4.73,4.47,4.57,157200.0
2014-06-09,4.46,4.55,4.42,4.5,128000.0,0.0,1.0,4.46,4.55,4.42,4.5,128000.0
2014-06-06,4.45,4.63,4.38,4.49,121700.0,0.0,1.0,4.45,4.63,4.38,4.49,121700.0
2014-06-05,4.44,4.61,4.43,4.46,164700.0,0.0,1.0,4.44,4.61,4.43,4.46,164700.0
2014-06-04,4.29,4.53,4.29,4.43,84800.0,0.0,1.0,4.29,4.53,4.29,4.43,84800.0
2014-06-03,4.4,4.45,4.28,4.33,89500.0,0.0,1.0,4.4,4.45,4.28,4.33,89500.0
2014-06-02,4.48,4.48,4.26,4.45,212300.0,0.0,1.0,4.48,4.48,4.26,4.45,212300.0
2014-05-30,4.6,4.6,4.38,4.45,150900.0,0.0,1.0,4.6,4.6,4.38,4.45,150900.0
2014-05-29,4.53,4.6,4.38,4.47,97900.0,0.0,1.0,4.53,4.6,4.38,4.47,97900.0
2014-05-28,4.44,4.54,4.36,4.48,101200.0,0.0,1.0,4.44,4.54,4.36,4.48,101200.0
2014-05-27,4.19,4.35,4.11,4.33,83200.0,0.0,1.0,4.19,4.35,4.11,4.33,83200.0
2014-05-23,4.06,4.21,4.06,4.1,83700.0,0.0,1.0,4.06,4.21,4.06,4.1,83700.0
2014-05-22,3.97,4.14,3.71,4.09,58600.0,0.0,1.0,3.97,4.14,3.71,4.09,58600.0
2014-05-21,3.86,4.03,3.86,3.98,39400.0,0.0,1.0,3.86,4.03,3.86,3.98,39400.0
2014-05-20,3.94,4.02,3.79,3.86,253400.0,0.0,1.0,3.94,4.02,3.79,3.86,253400.0
2014-05-19,4.0,4.1,3.88,3.92,63200.0,0.0,1.0,4.0,4.1,3.88,3.92,63200.0
2014-05-16,4.0,4.12,3.93,4.02,55000.0,0.0,1.0,4.0,4.12,3.93,4.02,55000.0
2014-05-15,3.99,4.05,3.88,3.99,73900.0,0.0,1.0,3.99,4.05,3.88,3.99,73900.0
2014-05-14,4.24,4.28,4.02,4.02,92600.0,0.0,1.0,4.24,4.28,4.02,4.02,92600.0
2014-05-13,4.04,4.29,4.01,4.23,268200.0,0.0,1.0,4.04,4.29,4.01,4.23,268200.0
2014-05-12,3.79,4.04,3.77,4.0,85800.0,0.0,1.0,3.79,4.04,3.77,4.0,85800.0
2014-05-09,3.88,3.92,3.68,3.75,694200.0,0.0,1.0,3.88,3.92,3.68,3.75,694200.0
2014-05-08,4.29,4.29,3.86,3.94,212800.0,0.0,1.0,4.29,4.29,3.86,3.94,212800.0
2014-05-07,4.58,4.59,4.22,4.31,79600.0,0.0,1.0,4.58,4.59,4.22,4.31,79600.0
2014-05-06,4.55,4.66,4.5,4.57,48200.0,0.0,1.0,4.55,4.66,4.5,4.57,48200.0
2014-05-05,4.54,4.66,4.43,4.56,54300.0,0.0,1.0,4.54,4.66,4.43,4.56,54300.0
2014-05-02,4.38,4.6,4.35,4.54,108200.0,0.0,1.0,4.38,4.6,4.35,4.54,108200.0
2014-05-01,4.49,4.56,4.31,4.39,73400.0,0.0,1.0,4.49,4.56,4.31,4.39,73400.0
2014-04-30,4.45,4.58,4.37,4.52,78500.0,0.0,1.0,4.45,4.58,4.37,4.52,78500.0
2014-04-29,4.57,4.57,4.39,4.49,61200.0,0.0,1.0,4.57,4.57,4.39,4.49,61200.0
2014-04-28,4.54,4.66,4.43,4.54,71900.0,0.0,1.0,4.54,4.66,4.43,4.54,71900.0
2014-04-25,4.64,4.71,4.43,4.56,136100.0,0.0,1.0,4.64,4.71,4.43,4.56,136100.0
2014-04-24,4.64,4.7,4.55,4.68,42300.0,0.0,1.0,4.64,4.7,4.55,4.68,42300.0
2014-04-23,4.74,4.74,4.51,4.64,50500.0,0.0,1.0,4.74,4.74,4.51,4.64,50500.0
2014-04-22,4.73,4.76,4.53,4.73,62200.0,0.0,1.0,4.73,4.76,4.53,4.73,62200.0
2014-04-21,4.48,4.76,4.48,4.7,96300.0,0.0,1.0,4.48,4.76,4.48,4.7,96300.0
2014-04-17,4.36,4.5,4.3,4.45,57400.0,0.0,1.0,4.36,4.5,4.3,4.45,57400.0
2014-04-16,4.03,4.43,4.03,4.37,272100.0,0.0,1.0,4.03,4.43,4.03,4.37,272100.0
2014-04-15,4.1,4.14,3.76,4.04,337100.0,0.0,1.0,4.1,4.14,3.76,4.04,337100.0
2014-04-14,4.56,4.56,4.12,4.13,171800.0,0.0,1.0,4.56,4.56,4.12,4.13,171800.0
2014-04-11,4.5,4.59,4.41,4.51,147700.0,0.0,1.0,4.5,4.59,4.41,4.51,147700.0
2014-04-10,4.63,4.63,4.48,4.54,68700.0,0.0,1.0,4.63,4.63,4.48,4.54,68700.0
2014-04-09,4.57,4.63,4.51,4.6,81700.0,0.0,1.0,4.57,4.63,4.51,4.6,81700.0
2014-04-08,4.51,4.64,4.3,4.58,144800.0,0.0,1.0,4.51,4.64,4.3,4.58,144800.0
2014-04-07,4.81,4.89,4.36,4.49,160800.0,0.0,1.0,4.81,4.89,4.36,4.49,160800.0
2014-04-04,4.89,4.97,4.78,4.85,76500.0,0.0,1.0,4.89,4.97,4.78,4.85,76500.0
2014-04-03,4.89,4.99,4.74,4.85,141600.0,0.0,1.0,4.89,4.99,4.74,4.85,141600.0
2014-04-02,4.89,5.02,4.83,4.86,313600.0,0.0,1.0,4.89,5.02,4.83,4.86,313600.0
2014-04-01,4.75,4.95,4.72,4.85,189800.0,0.0,1.0,4.75,4.95,4.72,4.85,189800.0
2014-03-31,4.68,4.85,4.66,4.74,130800.0,0.0,1.0,4.68,4.85,4.66,4.74,130800.0
2014-03-28,4.58,4.75,4.55,4.68,139900.0,0.0,1.0,4.58,4.75,4.55,4.68,139900.0
2014-03-27,4.78,4.78,4.53,4.59,178800.0,0.0,1.0,4.78,4.78,4.53,4.59,178800.0
2014-03-26,4.87,4.93,4.63,4.78,189300.0,0.0,1.0,4.87,4.93,4.63,4.78,189300.0
2014-03-25,4.93,5.0,4.7,4.84,126000.0,0.0,1.0,4.93,5.0,4.7,4.84,126000.0
2014-03-24,5.0,5.0,4.66,4.95,127400.0,0.0,1.0,5.0,5.0,4.66,4.95,127400.0
2014-03-21,4.96,5.0,4.85,5.0,446900.0,0.0,1.0,4.96,5.0,4.85,5.0,446900.0
2014-03-20,4.89,4.99,4.87,4.92,44700.0,0.0,1.0,4.89,4.99,4.87,4.92,44700.0
2014-03-19,4.97,5.01,4.84,4.91,61800.0,0.0,1.0,4.97,5.01,4.84,4.91,61800.0
2014-03-18,4.94,5.08,4.87,4.94,271200.0,0.0,1.0,4.94,5.08,4.87,4.94,271200.0
2014-03-17,4.93,5.02,4.78,4.96,95300.0,0.0,1.0,4.93,5.02,4.78,4.96,95300.0
2014-03-14,4.93,5.02,4.8,4.93,117400.0,0.0,1.0,4.93,5.02,4.8,4.93,117400.0
2014-03-13,5.05,5.05,4.75,4.89,227000.0,0.0,1.0,5.05,5.05,4.75,4.89,227000.0
2014-03-12,4.94,5.08,4.84,5.06,249600.0,0.0,1.0,4.94,5.08,4.84,5.06,249600.0
2014-03-11,5.05,5.1,4.91,4.98,123800.0,0.0,1.0,5.05,5.1,4.91,4.98,123800.0
2014-03-10,4.95,5.22,4.95,5.03,212700.0,0.0,1.0,4.95,5.22,4.95,5.03,212700.0
2014-03-07,5.04,5.04,4.94,4.99,140700.0,0.0,1.0,5.04,5.04,4.94,4.99,140700.0
2014-03-06,5.02,5.11,4.95,5.05,263600.0,0.0,1.0,5.02,5.11,4.95,5.05,263600.0
2014-03-05,5.0,5.08,4.62,4.98,336200.0,0.0,1.0,5.0,5.08,4.62,4.98,336200.0
2014-03-04,5.0,5.15,4.94,4.99,187000.0,0.0,1.0,5.0,5.15,4.94,4.99,187000.0
2014-03-03,4.9,5.07,4.8,4.99,105500.0,0.0,1.0,4.9,5.07,4.8,4.99,105500.0
2014-02-28,4.99,5.15,4.96,4.97,121600.0,0.0,1.0,4.99,5.15,4.96,4.97,121600.0
2014-02-27,4.87,5.07,4.81,5.02,120000.0,0.0,1.0,4.87,5.07,4.81,5.02,120000.0
2014-02-26,5.01,5.03,4.85,4.9,89300.0,0.0,1.0,5.01,5.03,4.85,4.9,89300.0
2014-02-25,5.05,5.16,4.96,4.97,89300.0,0.0,1.0,5.05,5.16,4.96,4.97,89300.0
2014-02-24,5.25,5.28,4.97,5.08,111000.0,0.0,1.0,5.25,5.28,4.97,5.08,111000.0
2014-02-21,5.08,5.31,4.94,5.18,125200.0,0.0,1.0,5.08,5.31,4.94,5.18,125200.0
2014-02-20,5.28,5.37,4.77,5.11,344400.0,0.0,1.0,5.28,5.37,4.77,5.11,344400.0
2014-02-19,5.35,5.46,5.19,5.29,144900.0,0.0,1.0,5.35,5.46,5.19,5.29,144900.0
2014-02-18,5.1,5.39,4.95,5.38,474600.0,0.0,1.0,5.1,5.39,4.95,5.38,474600.0
2014-02-14,5.12,5.15,4.95,5.09,210400.0,0.0,1.0,5.12,5.15,4.95,5.09,210400.0
2014-02-13,5.09,5.39,5.06,5.11,141900.0,0.0,1.0,5.09,5.39,5.06,5.11,141900.0
2014-02-12,5.03,5.23,4.96,5.15,264100.0,0.0,1.0,5.03,5.23,4.96,5.15,264100.0
2014-02-11,5.1,5.12,4.97,5.06,91900.0,0.0,1.0,5.1,5.12,4.97,5.06,91900.0
2014-02-10,4.95,5.15,4.8,5.05,214200.0,0.0,1.0,4.95,5.15,4.8,5.05,214200.0
2014-02-07,5.16,5.24,4.98,5.0,121900.0,0.0,1.0,5.16,5.24,4.98,5.0,121900.0
2014-02-06,5.21,5.22,4.97,5.17,70900.0,0.0,1.0,5.21,5.22,4.97,5.17,70900.0
2014-02-05,5.34,5.38,5.06,5.2,77000.0,0.0,1.0,5.34,5.38,5.06,5.2,77000.0
2014-02-04,5.21,5.58,5.19,5.34,162900.0,0.0,1.0,5.21,5.58,5.19,5.34,162900.0
2014-02-03,5.67,5.82,5.14,5.2,493800.0,0.0,1.0,5.67,5.82,5.14,5.2,493800.0
2014-01-31,5.22,5.53,5.19,5.5,279800.0,0.0,1.0,5.22,5.53,5.19,5.5,279800.0
2014-01-30,5.25,5.4,4.98,5.28,244400.0,0.0,1.0,5.25,5.4,4.98,5.28,244400.0
2014-01-29,5.3,5.56,5.11,5.22,166800.0,0.0,1.0,5.3,5.56,5.11,5.22,166800.0
2014-01-28,5.25,5.65,5.24,5.32,493500.0,0.0,1.0,5.25,5.65,5.24,5.32,493500.0
2014-01-27,4.95,5.24,4.72,5.18,904000.0,0.0,1.0,4.95,5.24,4.72,5.18,904000.0
2014-01-24,4.98,5.01,4.8,4.95,180300.0,0.0,1.0,4.98,5.01,4.8,4.95,180300.0
2014-01-23,4.98,5.05,4.82,5.01,84500.0,0.0,1.0,4.98,5.05,4.82,5.01,84500.0
2014-01-22,5.01,5.12,4.95,4.99,176000.0,0.0,1.0,5.01,5.12,4.95,4.99,176000.0
2014-01-21,4.97,5.05,4.93,5.01,287300.0,0.0,1.0,4.97,5.05,4.93,5.01,287300.0
2014-01-17,4.95,5.02,4.95,4.97,86000.0,0.0,1.0,4.95,5.02,4.95,4.97,86000.0
2014-01-16,4.95,4.99,4.85,4.98,311900.0,0.0,1.0,4.95,4.99,4.85,4.98,311900.0
2014-01-15,5.01,5.13,4.87,4.97,173000.0,0.0,1.0,5.01,5.13,4.87,4.97,173000.0
2014-01-14,4.93,5.23,4.84,4.98,356300.0,0.0,1.0,4.93,5.23,4.84,4.98,356300.0
2014-01-13,4.85,5.25,4.66,4.92,707800.0,0.0,1.0,4.85,5.25,4.66,4.92,707800.0
2014-01-10,5.46,5.56,4.96,5.02,756900.0,0.0,1.0,5.46,5.56,4.96,5.02,756900.0
2014-01-09,5.58,5.63,5.37,5.39,455800.0,0.0,1.0,5.58,5.63,5.37,5.39,455800.0
2014-01-08,5.59,5.62,5.37,5.54,241900.0,0.0,1.0,5.59,5.62,5.37,5.54,241900.0
2014-01-07,5.5,5.69,5.37,5.48,472200.0,0.0,1.0,5.5,5.69,5.37,5.48,472200.0
2014-01-06,4.98,5.73,4.88,5.46,869400.0,0.0,1.0,4.98,5.73,4.88,5.46,869400.0
2014-01-03,4.04,5.38,4.0,5.1,777000.0,0.0,1.0,4.04,5.38,4.0,5.1,777000.0
2014-01-02,3.83,4.16,3.72,4.06,557600.0,0.0,1.0,3.83,4.16,3.72,4.06,557600.0
2013-12-31,3.52,3.93,3.45,3.79,413600.0,0.0,1.0,3.52,3.93,3.45,3.79,413600.0
2013-12-30,3.61,3.61,3.4,3.48,34900.0,0.0,1.0,3.61,3.61,3.4,3.48,34900.0
2013-12-27,3.51,3.61,3.5,3.59,81500.0,0.0,1.0,3.51,3.61,3.5,3.59,81500.0
2013-12-26,3.48,3.58,3.35,3.53,70000.0,0.0,1.0,3.48,3.58,3.35,3.53,70000.0
2013-12-24,3.47,3.5,3.47,3.5,15800.0,0.0,1.0,3.47,3.5,3.47,3.5,15800.0
2013-12-23,3.44,3.5,3.35,3.5,38000.0,0.0,1.0,3.44,3.5,3.35,3.5,38000.0
2013-12-20,3.43,3.44,3.3,3.44,132700.0,0.0,1.0,3.43,3.44,3.3,3.44,132700.0
2013-12-19,3.31,3.39,3.31,3.39,36400.0,0.0,1.0,3.31,3.39,3.31,3.39,36400.0
2013-12-18,3.3,3.37,3.29,3.34,257400.0,0.0,1.0,3.3,3.37,3.29,3.34,257400.0
2013-12-17,3.32,3.38,3.3,3.32,25400.0,0.0,1.0,3.32,3.38,3.3,3.32,25400.0
2013-12-16,3.34,3.38,3.28,3.35,46900.0,0.0,1.0,3.34,3.38,3.28,3.35,46900.0
2013-12-13,3.33,3.39,3.12,3.35,142700.0,0.0,1.0,3.33,3.39,3.12,3.35,142700.0
2013-12-12,3.36,3.46,3.29,3.3,85700.0,0.0,1.0,3.36,3.46,3.29,3.3,85700.0
2013-12-11,3.37,3.49,3.29,3.36,52900.0,0.0,1.0,3.37,3.49,3.29,3.36,52900.0
2013-12-10,3.34,3.55,3.28,3.42,125600.0,0.0,1.0,3.34,3.55,3.28,3.42,125600.0
2013-12-09,3.41,3.45,3.35,3.44,82900.0,0.0,1.0,3.41,3.45,3.35,3.44,82900.0
2013-12-06,3.42,3.47,3.38,3.45,83300.0,0.0,1.0,3.42,3.47,3.38,3.45,83300.0
2013-12-05,3.4,3.43,3.39,3.42,26400.0,0.0,1.0,3.4,3.43,3.39,3.42,26400.0
2013-12-04,3.42,3.51,3.36,3.43,31400.0,0.0,1.0,3.42,3.51,3.36,3.43,31400.0
2013-12-03,3.49,3.52,3.42,3.43,65400.0,0.0,1.0,3.49,3.52,3.42,3.43,65400.0
2013-12-02,3.45,3.53,3.42,3.47,58200.0,0.0,1.0,3.45,3.53,3.42,3.47,58200.0
2013-11-29,3.43,3.52,3.43,3.46,7400.0,0.0,1.0,3.43,3.52,3.43,3.46,7400.0
2013-11-27,3.53,3.54,3.43,3.46,99800.0,0.0,1.0,3.53,3.54,3.43,3.46,99800.0
2013-11-26,3.38,3.51,3.38,3.5,159400.0,0.0,1.0,3.38,3.51,3.38,3.5,159400.0
2013-11-25,3.4,3.45,3.33,3.37,109000.0,0.0,1.0,3.4,3.45,3.33,3.37,109000.0
2013-11-22,3.39,3.47,3.34,3.38,142600.0,0.0,1.0,3.39,3.47,3.34,3.38,142600.0
2013-11-21,3.33,3.4,3.28,3.36,90200.0,0.0,1.0,3.33,3.4,3.28,3.36,90200.0
2013-11-20,3.26,3.45,3.25,3.33,208000.0,0.0,1.0,3.26,3.45,3.25,3.33,208000.0
2013-11-19,3.3,3.38,3.2,3.22,112200.0,0.0,1.0,3.3,3.38,3.2,3.22,112200.0
2013-11-18,3.35,3.73,3.26,3.3,168800.0,0.0,1.0,3.35,3.73,3.26,3.3,168800.0
2013-11-15,3.4,3.44,3.31,3.37,70500.0,0.0,1.0,3.4,3.44,3.31,3.37,70500.0
2013-11-14,3.45,3.5,3.23,3.42,168800.0,0.0,1.0,3.45,3.5,3.23,3.42,168800.0
2013-11-13,3.46,3.53,3.37,3.42,109100.0,0.0,1.0,3.46,3.53,3.37,3.42,109100.0
2013-11-12,3.49,3.53,3.4,3.46,97000.0,0.0,1.0,3.49,3.53,3.4,3.46,97000.0
2013-11-11,3.43,3.48,3.3,3.47,184300.0,0.0,1.0,3.43,3.48,3.3,3.47,184300.0
2013-11-08,3.19,3.4,3.06,3.31,325900.0,0.0,1.0,3.19,3.4,3.06,3.31,325900.0
2013-11-07,3.15,3.23,2.95,3.22,229900.0,0.0,1.0,3.15,3.23,2.95,3.22,229900.0
2013-11-06,3.24,3.25,3.1,3.13,125700.0,0.0,1.0,3.24,3.25,3.1,3.13,125700.0
2013-11-05,3.25,3.25,3.1,3.21,113700.0,0.0,1.0,3.25,3.25,3.1,3.21,113700.0
2013-11-04,3.2,3.25,3.09,3.22,472500.0,0.0,1.0,3.2,3.25,3.09,3.22,472500.0
2013-11-01,3.08,3.21,2.91,3.19,267900.0,0.0,1.0,3.08,3.21,2.91,3.19,267900.0
2013-10-31,3.05,3.08,2.9,3.0,237700.0,0.0,1.0,3.05,3.08,2.9,3.0,237700.0
2013-10-30,3.2,3.3,3.0,3.08,88800.0,0.0,1.0,3.2,3.3,3.0,3.08,88800.0
2013-10-29,3.07,3.23,3.06,3.17,44200.0,0.0,1.0,3.07,3.23,3.06,3.17,44200.0
2013-10-28,3.1,3.21,3.03,3.13,139300.0,0.0,1.0,3.1,3.21,3.03,3.13,139300.0
2013-10-25,3.04,3.33,2.9,3.08,385300.0,0.0,1.0,3.04,3.33,2.9,3.08,385300.0
2013-10-24,2.89,3.01,2.85,2.95,372400.0,0.0,1.0,2.89,3.01,2.85,2.95,372400.0
2013-10-23,2.85,2.93,2.82,2.88,177000.0,0.0,1.0,2.85,2.93,2.82,2.88,177000.0
2013-10-22,2.9,2.96,2.79,2.84,113600.0,0.0,1.0,2.9,2.96,2.79,2.84,113600.0
2013-10-21,2.86,2.95,2.82,2.92,76800.0,0.0,1.0,2.86,2.95,2.82,2.92,76800.0
2013-10-18,2.9,2.97,2.83,2.86,88500.0,0.0,1.0,2.9,2.97,2.83,2.86,88500.0
2013-10-17,2.85,2.9,2.7,2.9,247800.0,0.0,1.0,2.85,2.9,2.7,2.9,247800.0
2013-10-16,2.8,2.87,2.61,2.85,53000.0,0.0,1.0,2.8,2.87,2.61,2.85,53000.0
2013-10-15,2.87,2.9,2.75,2.81,168800.0,0.0,1.0,2.87,2.9,2.75,2.81,168800.0
2013-10-14,2.8,2.89,2.64,2.88,70900.0,0.0,1.0,2.8,2.89,2.64,2.88,70900.0
2013-10-11,2.63,2.89,2.63,2.8,162600.0,0.0,1.0,2.63,2.89,2.63,2.8,162600.0
2013-10-10,2.73,2.83,2.73,2.75,190600.0,0.0,1.0,2.73,2.83,2.73,2.75,190600.0
2013-10-09,2.78,2.8,2.58,2.73,67500.0,0.0,1.0,2.78,2.8,2.58,2.73,67500.0
2013-10-08,2.75,2.9,2.71,2.78,52400.0,0.0,1.0,2.75,2.9,2.71,2.78,52400.0
2013-10-07,2.8,2.88,2.75,2.78,60000.0,0.0,1.0,2.8,2.88,2.75,2.78,60000.0
2013-10-04,2.76,2.83,2.76,2.8,87800.0,0.0,1.0,2.76,2.83,2.76,2.8,87800.0
2013-10-03,2.78,2.79,2.7,2.73,60600.0,0.0,1.0,2.78,2.79,2.7,2.73,60600.0
2013-10-02,2.74,2.82,2.74,2.8,78100.0,0.0,1.0,2.74,2.82,2.74,2.8,78100.0
2013-10-01,2.67,2.81,2.61,2.76,225000.0,0.0,1.0,2.67,2.81,2.61,2.76,225000.0
2013-09-30,2.64,2.71,2.55,2.69,57900.0,0.0,1.0,2.64,2.71,2.55,2.69,57900.0
2013-09-27,2.69,2.73,2.66,2.68,34400.0,0.0,1.0,2.69,2.73,2.66,2.68,34400.0
2013-09-26,2.72,2.75,2.64,2.7,126900.0,0.0,1.0,2.72,2.75,2.64,2.7,126900.0
2013-09-25,2.67,2.78,2.66,2.68,137200.0,0.0,1.0,2.67,2.78,2.66,2.68,137200.0
2013-09-24,2.59,2.74,2.56,2.67,99800.0,0.0,1.0,2.59,2.74,2.56,2.67,99800.0
2013-09-23,2.6,2.62,2.56,2.59,110700.0,0.0,1.0,2.6,2.62,2.56,2.59,110700.0
2013-09-20,2.61,2.63,2.48,2.6,189600.0,0.0,1.0,2.61,2.63,2.48,2.6,189600.0
2013-09-19,2.54,2.74,2.45,2.64,168400.0,0.0,1.0,2.54,2.74,2.45,2.64,168400.0
2013-09-18,2.55,2.6,2.5,2.55,94800.0,0.0,1.0,2.55,2.6,2.5,2.55,94800.0
2013-09-17,2.57,2.65,2.53,2.54,198300.0,0.0,1.0,2.57,2.65,2.53,2.54,198300.0
2013-09-16,2.6,2.63,2.54,2.56,140600.0,0.0,1.0,2.6,2.63,2.54,2.56,140600.0
2013-09-13,2.52,2.61,2.47,2.56,169000.0,0.0,1.0,2.52,2.61,2.47,2.56,169000.0
2013-09-12,2.55,2.67,2.45,2.51,425300.0,0.0,1.0,2.55,2.67,2.45,2.51,425300.0
2013-09-11,2.44,2.59,2.4,2.52,159900.0,0.0,1.0,2.44,2.59,2.4,2.52,159900.0
2013-09-10,2.36,2.44,2.36,2.42,66300.0,0.0,1.0,2.36,2.44,2.36,2.42,66300.0
2013-09-09,2.32,2.37,2.31,2.35,27100.0,0.0,1.0,2.32,2.37,2.31,2.35,27100.0
2013-09-06,2.33,2.37,2.28,2.3,82300.0,0.0,1.0,2.33,2.37,2.28,2.3,82300.0
2013-09-05,2.33,2.35,2.31,2.34,30800.0,0.0,1.0,2.33,2.35,2.31,2.34,30800.0
2013-09-04,2.28,2.36,2.28,2.32,54000.0,0.0,1.0,2.28,2.36,2.28,2.32,54000.0
2013-09-03,2.29,2.3,2.28,2.28,45100.0,0.0,1.0,2.29,2.3,2.28,2.28,45100.0
2013-08-30,2.32,2.32,2.29,2.3,36200.0,0.0,1.0,2.32,2.32,2.29,2.3,36200.0
2013-08-29,2.31,2.35,2.28,2.33,62000.0,0.0,1.0,2.31,2.35,2.28,2.33,62000.0
2013-08-28,2.29,2.35,2.26,2.32,32700.0,0.0,1.0,2.29,2.35,2.26,2.32,32700.0
2013-08-27,2.28,2.31,2.26,2.28,45700.0,0.0,1.0,2.28,2.31,2.26,2.28,45700.0
2013-08-26,2.25,2.3,2.25,2.28,36700.0,0.0,1.0,2.25,2.3,2.25,2.28,36700.0
2013-08-23,2.28,2.31,2.26,2.26,37100.0,0.0,1.0,2.28,2.31,2.26,2.26,37100.0
2013-08-22,2.28,2.31,2.27,2.27,20900.0,0.0,1.0,2.28,2.31,2.27,2.27,20900.0
2013-08-21,2.29,2.31,2.27,2.28,33300.0,0.0,1.0,2.29,2.31,2.27,2.28,33300.0
2013-08-20,2.27,2.31,2.27,2.29,80300.0,0.0,1.0,2.27,2.31,2.27,2.29,80300.0
2013-08-19,2.28,2.33,2.25,2.27,71900.0,0.0,1.0,2.28,2.33,2.25,2.27,71900.0
2013-08-16,2.39,2.4,2.25,2.29,255500.0,0.0,1.0,2.39,2.4,2.25,2.29,255500.0
2013-08-15,2.51,2.51,2.38,2.41,113200.0,0.0,1.0,2.51,2.51,2.38,2.41,113200.0
2013-08-14,2.46,2.57,2.39,2.5,348700.0,0.0,1.0,2.46,2.57,2.39,2.5,348700.0
2013-08-13,2.75,2.75,2.38,2.43,260100.0,0.0,1.0,2.75,2.75,2.38,2.43,260100.0
2013-08-12,2.38,2.5,2.32,2.38,283000.0,0.0,1.0,2.38,2.5,2.32,2.38,283000.0
2013-08-09,2.41,2.44,2.38,2.4,63000.0,0.0,1.0,2.41,2.44,2.38,2.4,63000.0
2013-08-08,2.39,2.43,2.35,2.38,99900.0,0.0,1.0,2.39,2.43,2.35,2.38,99900.0
2013-08-07,2.47,2.47,2.27,2.39,101000.0,0.0,1.0,2.47,2.47,2.27,2.39,101000.0
2013-08-06,2.54,2.54,2.42,2.45,106800.0,0.0,1.0,2.54,2.54,2.42,2.45,106800.0
2013-08-05,2.45,2.6,2.4,2.5,282800.0,0.0,1.0,2.45,2.6,2.4,2.5,282800.0
2013-08-02,2.37,2.43,2.29,2.4,94600.0,0.0,1.0,2.37,2.43,2.29,2.4,94600.0
2013-08-01,2.26,2.41,2.21,2.35,256000.0,0.0,1.0,2.26,2.41,2.21,2.35,256000.0
2013-07-31,2.18,2.26,2.14,2.22,58200.0,0.0,1.0,2.18,2.26,2.14,2.22,58200.0
2013-07-30,2.16,2.2,2.11,2.16,119600.0,0.0,1.0,2.16,2.2,2.11,2.16,119600.0
2013-07-29,2.1,2.18,2.1,2.17,41900.0,0.0,1.0,2.1,2.18,2.1,2.17,41900.0
2013-07-26,2.11,2.14,2.1,2.13,36900.0,0.0,1.0,2.11,2.14,2.1,2.13,36900.0
2013-07-25,2.15,2.15,2.09,2.1,42400.0,0.0,1.0,2.15,2.15,2.09,2.1,42400.0
2013-07-24,2.14,2.14,2.1,2.12,55300.0,0.0,1.0,2.14,2.14,2.1,2.12,55300.0
2013-07-23,2.11,2.18,2.1,2.12,41000.0,0.0,1.0,2.11,2.18,2.1,2.12,41000.0
2013-07-22,2.14,2.15,2.07,2.11,46600.0,0.0,1.0,2.14,2.15,2.07,2.11,46600.0
2013-07-19,2.23,2.23,2.14,2.16,48200.0,0.0,1.0,2.23,2.23,2.14,2.16,48200.0
2013-07-18,2.2,2.28,2.2,2.23,42100.0,0.0,1.0,2.2,2.28,2.2,2.23,42100.0
2013-07-17,2.24,2.27,2.17,2.22,42500.0,0.0,1.0,2.24,2.27,2.17,2.22,42500.0
2013-07-16,2.24,2.27,2.19,2.25,41000.0,0.0,1.0,2.24,2.27,2.19,2.25,41000.0
2013-07-15,2.14,2.23,2.13,2.21,46500.0,0.0,1.0,2.14,2.23,2.13,2.21,46500.0
2013-07-12,2.26,2.26,2.11,2.16,43900.0,0.0,1.0,2.26,2.26,2.11,2.16,43900.0
2013-07-11,2.24,2.25,2.16,2.19,37500.0,0.0,1.0,2.24,2.25,2.16,2.19,37500.0
2013-07-10,2.21,2.27,2.15,2.24,47800.0,0.0,1.0,2.21,2.27,2.15,2.24,47800.0
2013-07-09,2.31,2.36,2.2,2.24,38200.0,0.0,1.0,2.31,2.36,2.2,2.24,38200.0
2013-07-08,2.2,2.35,2.2,2.26,65800.0,0.0,1.0,2.2,2.35,2.2,2.26,65800.0
2013-07-05,2.17,2.24,2.13,2.19,39400.0,0.0,1.0,2.17,2.24,2.13,2.19,39400.0
2013-07-03,2.2,2.2,2.1,2.13,19200.0,0.0,1.0,2.2,2.2,2.1,2.13,19200.0
2013-07-02,2.21,2.28,2.17,2.21,60300.0,0.0,1.0,2.21,2.28,2.17,2.21,60300.0
2013-07-01,2.33,2.38,2.14,2.19,684000.0,0.0,1.0,2.33,2.38,2.14,2.19,684000.0
2013-06-28,2.42,2.46,2.3,2.32,45700.0,0.0,1.0,2.42,2.46,2.3,2.32,45700.0
2013-06-27,2.32,2.44,2.32,2.41,66600.0,0.0,1.0,2.32,2.44,2.32,2.41,66600.0
2013-06-26,2.29,2.44,2.29,2.34,150700.0,0.0,1.0,2.29,2.44,2.29,2.34,150700.0
2013-06-25,2.26,2.32,2.22,2.28,61600.0,0.0,1.0,2.26,2.32,2.22,2.28,61600.0
2013-06-24,2.27,2.39,2.19,2.27,193200.0,0.0,1.0,2.27,2.39,2.19,2.27,193200.0
2013-06-21,2.42,2.52,2.31,2.33,75200.0,0.0,1.0,2.42,2.52,2.31,2.33,75200.0
2013-06-20,2.49,2.49,2.34,2.37,100900.0,0.0,1.0,2.49,2.49,2.34,2.37,100900.0
2013-06-19,2.4,2.66,2.38,2.53,330900.0,0.0,1.0,2.4,2.66,2.38,2.53,330900.0
2013-06-18,2.39,2.45,2.36,2.4,149500.0,0.0,1.0,2.39,2.45,2.36,2.4,149500.0
2013-06-17,2.26,2.4,2.2,2.37,77600.0,0.0,1.0,2.26,2.4,2.2,2.37,77600.0
2013-06-14,2.38,2.43,2.26,2.28,71000.0,0.0,1.0,2.38,2.43,2.26,2.28,71000.0
2013-06-13,2.41,2.44,2.33,2.39,57500.0,0.0,1.0,2.41,2.44,2.33,2.39,57500.0
2013-06-12,2.43,2.45,2.37,2.38,53300.0,0.0,1.0,2.43,2.45,2.37,2.38,53300.0
2013-06-11,2.35,2.42,2.35,2.41,57400.0,0.0,1.0,2.35,2.42,2.35,2.41,57400.0
2013-06-10,2.35,2.41,2.32,2.37,69900.0,0.0,1.0,2.35,2.41,2.32,2.37,69900.0
2013-06-07,2.3,2.43,2.27,2.32,109900.0,0.0,1.0,2.3,2.43,2.27,2.32,109900.0
2013-06-06,2.28,2.35,2.21,2.31,232000.0,0.0,1.0,2.28,2.35,2.21,2.31,232000.0
2013-06-05,2.28,2.32,2.21,2.26,137000.0,0.0,1.0,2.28,2.32,2.21,2.26,137000.0
2013-06-04,2.36,2.36,2.28,2.3,104300.0,0.0,1.0,2.36,2.36,2.28,2.3,104300.0
2013-06-03,2.33,2.38,2.28,2.33,98400.0,0.0,1.0,2.33,2.38,2.28,2.33,98400.0
2013-05-31,2.11,2.38,2.11,2.33,95500.0,0.0,1.0,2.11,2.38,2.11,2.33,95500.0
2013-05-30,2.3,2.39,2.29,2.34,192000.0,0.0,1.0,2.3,2.39,2.29,2.34,192000.0
2013-05-29,2.34,2.4,2.29,2.3,107400.0,0.0,1.0,2.34,2.4,2.29,2.3,107400.0
2013-05-28,2.33,2.44,2.26,2.33,267800.0,0.0,1.0,2.33,2.44,2.26,2.33,267800.0
2013-05-24,2.3,2.39,2.24,2.31,284200.0,0.0,1.0,2.3,2.39,2.24,2.31,284200.0
2013-05-23,2.37,2.43,1.81,2.4,128100.0,0.0,1.0,2.37,2.43,1.81,2.4,128100.0
2013-05-22,2.4,2.45,2.35,2.37,91300.0,0.0,1.0,2.4,2.45,2.35,2.37,91300.0
2013-05-21,2.44,2.44,2.31,2.4,79900.0,0.0,1.0,2.44,2.44,2.31,2.4,79900.0
2013-05-20,2.38,2.45,2.3,2.38,83400.0,0.0,1.0,2.38,2.45,2.3,2.38,83400.0
2013-05-17,2.45,2.45,2.33,2.39,172300.0,0.0,1.0,2.45,2.45,2.33,2.39,172300.0
2013-05-16,2.3,2.44,2.2,2.42,183700.0,0.0,1.0,2.3,2.44,2.2,2.42,183700.0
2013-05-15,2.15,2.3,2.14,2.3,302200.0,0.0,1.0,2.15,2.3,2.14,2.3,302200.0
2013-05-14,2.1,2.15,2.1,2.12,209500.0,0.0,1.0,2.1,2.15,2.1,2.12,209500.0
2013-05-13,2.07,2.19,2.05,2.09,134000.0,0.0,1.0,2.07,2.19,2.05,2.09,134000.0
2013-05-10,1.9,2.26,1.88,2.08,389700.0,0.0,1.0,1.9,2.26,1.88,2.08,389700.0
2013-05-09,1.63,2.0,1.63,1.9,335600.0,0.0,1.0,1.63,2.0,1.63,1.9,335600.0
2013-05-08,1.58,1.69,1.54,1.66,40700.0,0.0,1.0,1.58,1.69,1.54,1.66,40700.0
2013-05-07,1.42,1.6,1.42,1.57,55700.0,0.0,1.0,1.42,1.6,1.42,1.57,55700.0
2013-05-06,1.48,1.52,1.44,1.45,56100.0,0.0,1.0,1.48,1.52,1.44,1.45,56100.0
2013-05-03,1.51,1.55,1.44,1.52,31500.0,0.0,1.0,1.51,1.55,1.44,1.52,31500.0
2013-05-02,1.53,1.54,1.51,1.51,22100.0,0.0,1.0,1.53,1.54,1.51,1.51,22100.0
2013-05-01,1.56,1.56,1.51,1.52,2500.0,0.0,1.0,1.56,1.56,1.51,1.52,2500.0
2013-04-30,1.55,1.56,1.53,1.53,8000.0,0.0,1.0,1.55,1.56,1.53,1.53,8000.0
2013-04-29,1.55,1.56,1.5,1.53,41700.0,0.0,1.0,1.55,1.56,1.5,1.53,41700.0
2013-04-26,1.53,1.56,1.5,1.55,6800.0,0.0,1.0,1.53,1.56,1.5,1.55,6800.0
2013-04-25,1.52,1.57,1.52,1.55,19200.0,0.0,1.0,1.52,1.57,1.52,1.55,19200.0
2013-04-24,1.49,1.6,1.49,1.6,11700.0,0.0,1.0,1.49,1.6,1.49,1.6,11700.0
2013-04-23,1.55,1.6,1.53,1.55,3200.0,0.0,1.0,1.55,1.6,1.53,1.55,3200.0
2013-04-22,1.41,1.6,1.41,1.6,36000.0,0.0,1.0,1.41,1.6,1.41,1.6,36000.0
2013-04-19,1.55,1.55,1.42,1.46,16200.0,0.0,1.0,1.55,1.55,1.42,1.46,16200.0
2013-04-18,1.51,1.56,1.49,1.53,23500.0,0.0,1.0,1.51,1.56,1.49,1.53,23500.0
2013-04-17,1.61,1.69,1.51,1.55,23000.0,0.0,1.0,1.61,1.69,1.51,1.55,23000.0
2013-04-16,1.6,1.65,1.6,1.64,19900.0,0.0,1.0,1.6,1.65,1.6,1.64,19900.0
2013-04-15,1.69,1.73,1.62,1.62,33800.0,0.0,1.0,1.69,1.73,1.62,1.62,33800.0
2013-04-12,1.69,1.69,1.69,1.69,400.0,0.0,1.0,1.69,1.69,1.69,1.69,400.0
2013-04-11,1.74,1.78,1.7,1.71,56800.0,0.0,1.0,1.74,1.78,1.7,1.71,56800.0
2013-04-10,1.73,1.74,1.64,1.73,22000.0,0.0,1.0,1.73,1.74,1.64,1.73,22000.0
2013-04-09,1.8,1.8,1.72,1.72,18000.0,0.0,1.0,1.8,1.8,1.72,1.72,18000.0
2013-04-08,1.74,1.8,1.7,1.76,14700.0,0.0,1.0,1.74,1.8,1.7,1.76,14700.0
2013-04-05,1.79,1.82,1.7,1.74,33100.0,0.0,1.0,1.79,1.82,1.7,1.74,33100.0
2013-04-04,1.75,1.81,1.68,1.81,144500.0,0.0,1.0,1.75,1.81,1.68,1.81,144500.0
2013-04-03,1.78,1.79,1.71,1.79,45200.0,0.0,1.0,1.78,1.79,1.71,1.79,45200.0
2013-04-02,1.8,1.81,1.75,1.77,56200.0,0.0,1.0,1.8,1.81,1.75,1.77,56200.0
2013-04-01,1.73,1.78,1.65,1.75,48800.0,0.0,1.0,1.73,1.78,1.65,1.75,48800.0
2013-03-28,1.7,1.79,1.69,1.69,30200.0,0.0,1.0,1.7,1.79,1.69,1.69,30200.0
2013-03-27,1.7,1.78,1.62,1.73,65200.0,0.0,1.0,1.7,1.78,1.62,1.73,65200.0
2013-03-26,1.68,1.76,1.65,1.7,65100.0,0.0,1.0,1.68,1.76,1.65,1.7,65100.0
2013-03-25,1.7,1.74,1.68,1.68,75400.0,0.0,1.0,1.7,1.74,1.68,1.68,75400.0
2013-03-22,1.72,1.76,1.69,1.7,76000.0,0.0,1.0,1.72,1.76,1.69,1.7,76000.0
2013-03-21,1.73,1.82,1.67,1.74,160700.0,0.0,1.0,1.73,1.82,1.67,1.74,160700.0
2013-03-20,1.7,1.82,1.7,1.73,145700.0,0.0,1.0,1.7,1.82,1.7,1.73,145700.0
2013-03-19,1.65,1.76,1.58,1.67,79900.0,0.0,1.0,1.65,1.76,1.58,1.67,79900.0
2013-03-18,1.73,1.73,1.61,1.68,138900.0,0.0,1.0,1.73,1.73,1.61,1.68,138900.0
2013-03-15,1.83,1.83,1.67,1.71,214200.0,0.0,1.0,1.83,1.83,1.67,1.71,214200.0
2013-03-14,1.85,1.85,1.67,1.81,65700.0,0.0,1.0,1.85,1.85,1.67,1.81,65700.0
2013-03-13,1.86,1.86,1.84,1.84,54400.0,0.0,1.0,1.86,1.86,1.84,1.84,54400.0
2013-03-12,1.8,1.94,1.8,1.85,240800.0,0.0,1.0,1.8,1.94,1.8,1.85,240800.0
2013-03-11,1.66,1.83,1.66,1.78,132100.0,0.0,1.0,1.66,1.83,1.66,1.78,132100.0
2013-03-08,1.68,1.73,1.64,1.66,73300.0,0.0,1.0,1.68,1.73,1.64,1.66,73300.0
2013-03-07,1.59,1.69,1.59,1.69,53200.0,0.0,1.0,1.59,1.69,1.59,1.69,53200.0
2013-03-06,1.64,1.7,1.55,1.6,53800.0,0.0,1.0,1.64,1.7,1.55,1.6,53800.0
2013-03-05,1.45,1.69,1.45,1.68,478800.0,0.0,1.0,1.45,1.69,1.45,1.68,478800.0
2013-03-04,1.44,1.48,1.41,1.45,116100.0,0.0,1.0,1.44,1.48,1.41,1.45,116100.0
2013-03-01,1.45,1.45,1.41,1.42,153000.0,0.0,1.0,1.45,1.45,1.41,1.42,153000.0
2013-02-28,1.45,1.45,1.33,1.44,175700.0,0.0,1.0,1.45,1.45,1.33,1.44,175700.0
2013-02-27,1.45,1.5,1.4,1.5,120900.0,0.0,1.0,1.45,1.5,1.4,1.5,120900.0
2013-02-26,1.41,1.48,1.4,1.44,384300.0,0.0,1.0,1.41,1.48,1.4,1.44,384300.0
2013-02-25,1.44,1.49,1.39,1.44,307100.0,0.0,1.0,1.44,1.49,1.39,1.44,307100.0
2013-02-22,1.45,1.49,1.45,1.46,458200.0,0.0,1.0,1.45,1.49,1.45,1.46,458200.0
2013-02-21,1.57,1.6,1.41,1.47,110300.0,0.0,1.0,1.57,1.6,1.41,1.47,110300.0
2013-02-20,1.58,1.68,1.57,1.57,131900.0,0.0,1.0,1.58,1.68,1.57,1.57,131900.0
2013-02-19,1.64,1.68,1.58,1.58,67700.0,0.0,1.0,1.64,1.68,1.58,1.58,67700.0
2013-02-15,1.63,1.73,1.6,1.67,138300.0,0.0,1.0,1.63,1.73,1.6,1.67,138300.0
2013-02-14,1.62,1.65,1.6,1.61,37700.0,0.0,1.0,1.62,1.65,1.6,1.61,37700.0
2013-02-13,1.58,1.63,1.55,1.61,48600.0,0.0,1.0,1.58,1.63,1.55,1.61,48600.0
2013-02-12,1.45,1.7,1.38,1.64,360300.0,0.0,1.0,1.45,1.7,1.38,1.64,360300.0
2013-02-11,1.33,1.45,1.3,1.44,109000.0,0.0,1.0,1.33,1.45,1.3,1.44,109000.0
2013-02-08,1.3,1.34,1.27,1.3,46100.0,0.0,1.0,1.3,1.34,1.27,1.3,46100.0
2013-02-07,1.31,1.35,1.22,1.3,66800.0,0.0,1.0,1.31,1.35,1.22,1.3,66800.0
2013-02-06,1.33,1.35,1.32,1.33,49300.0,0.0,1.0,1.33,1.35,1.32,1.33,49300.0
2013-02-05,1.31,1.39,1.18,1.31,164100.0,0.0,1.0,1.31,1.39,1.18,1.31,164100.0
2013-02-04,1.32,1.37,1.28,1.33,23700.0,0.0,1.0,1.32,1.37,1.28,1.33,23700.0
2013-02-01,1.37,1.38,1.33,1.33,80500.0,0.0,1.0,1.37,1.38,1.33,1.33,80500.0
2013-01-31,1.36,1.38,1.36,1.37,51100.0,0.0,1.0,1.36,1.38,1.36,1.37,51100.0
2013-01-30,1.28,1.41,1.28,1.38,258100.0,0.0,1.0,1.28,1.41,1.28,1.38,258100.0
2013-01-29,1.28,1.32,1.26,1.3,127900.0,0.0,1.0,1.28,1.32,1.26,1.3,127900.0
2013-01-28,1.18,1.3,1.17,1.28,210100.0,0.0,1.0,1.18,1.3,1.17,1.28,210100.0
2013-01-25,1.28,1.29,1.18,1.26,201200.0,0.0,1.0,1.28,1.29,1.18,1.26,201200.0
2013-01-24,1.26,1.27,1.22,1.27,68700.0,0.0,1.0,1.26,1.27,1.22,1.27,68700.0
2013-01-23,1.22,1.27,1.21,1.26,161000.0,0.0,1.0,1.22,1.27,1.21,1.26,161000.0
2013-01-22,1.27,1.32,1.18,1.26,114000.0,0.0,1.0,1.27,1.32,1.18,1.26,114000.0
2013-01-18,1.2,1.28,1.15,1.25,255700.0,0.0,1.0,1.2,1.28,1.15,1.25,255700.0
2013-01-17,1.14,1.22,1.13,1.22,740900.0,0.0,1.0,1.14,1.22,1.13,1.22,740900.0
2013-01-16,1.14,1.14,1.09,1.12,405100.0,0.0,1.0,1.14,1.14,1.09,1.12,405100.0
2013-01-15,1.05,1.14,1.01,1.13,92300.0,0.0,1.0,1.05,1.14,1.01,1.13,92300.0
2013-01-14,1.15,1.16,1.11,1.12,127700.0,0.0,1.0,1.15,1.16,1.11,1.12,127700.0
2013-01-11,1.05,1.17,1.05,1.1,160500.0,0.0,1.0,1.05,1.17,1.05,1.1,160500.0
2013-01-10,1.07,1.07,0.98,1.03,156500.0,0.0,1.0,1.07,1.07,0.98,1.03,156500.0
2013-01-09,1.02,1.08,0.97,1.05,571000.0,0.0,1.0,1.02,1.08,0.97,1.05,571000.0
2013-01-08,0.94,1.02,0.85,0.92,63700.0,0.0,1.0,0.94,1.02,0.85,0.92,63700.0
2013-01-07,0.83,1.06,0.83,0.98,208600.0,0.0,1.0,0.83,1.06,0.83,0.98,208600.0
2013-01-04,0.78,0.83,0.76,0.83,69600.0,0.0,1.0,0.78,0.83,0.76,0.83,69600.0
2013-01-03,0.75,0.8,0.75,0.75,29300.0,0.0,1.0,0.75,0.8,0.75,0.75,29300.0
2013-01-02,0.77,0.82,0.75,0.75,36900.0,0.0,1.0,0.77,0.82,0.75,0.75,36900.0
2012-12-31,0.8,0.8,0.72,0.76,70600.0,0.0,1.0,0.8,0.8,0.72,0.76,70600.0
2012-12-28,0.73,0.78,0.73,0.78,7500.0,0.0,1.0,0.73,0.78,0.73,0.78,7500.0
2012-12-27,0.73,0.79,0.73,0.78,7600.0,0.0,1.0,0.73,0.79,0.73,0.78,7600.0
2012-12-26,0.75,0.76,0.73,0.73,3300.0,0.0,1.0,0.75,0.76,0.73,0.73,3300.0
2012-12-24,0.82,0.82,0.69,0.78,77100.0,0.0,1.0,0.82,0.82,0.69,0.78,77100.0
2012-12-21,0.79,0.8,0.76,0.76,15800.0,0.0,1.0,0.79,0.8,0.76,0.76,15800.0
2012-12-20,0.73,0.83,0.73,0.78,58000.0,0.0,1.0,0.73,0.83,0.73,0.78,58000.0
2012-12-19,0.72,0.73,0.7,0.72,31000.0,0.0,1.0,0.72,0.73,0.7,0.72,31000.0
2012-12-18,0.7,0.72,0.7,0.71,24200.0,0.0,1.0,0.7,0.72,0.7,0.71,24200.0
2012-12-17,0.7,0.72,0.68,0.7,12000.0,0.0,1.0,0.7,0.72,0.68,0.7,12000.0
2012-12-14,0.71,0.77,0.68,0.74,98200.0,0.0,1.0,0.71,0.77,0.68,0.74,98200.0
2012-12-13,0.72,0.77,0.7,0.77,116600.0,0.0,1.0,0.72,0.77,0.7,0.77,116600.0
2012-12-12,0.72,0.75,0.71,0.71,13500.0,0.0,1.0,0.72,0.75,0.71,0.71,13500.0
2012-12-11,0.74,0.75,0.69,0.74,272400.0,0.0,1.0,0.74,0.75,0.69,0.74,272400.0
2012-12-10,0.73,0.74,0.73,0.73,4400.0,0.0,1.0,0.73,0.74,0.73,0.73,4400.0
2012-12-07,0.74,0.76,0.72,0.73,8900.0,0.0,1.0,0.74,0.76,0.72,0.73,8900.0
2012-12-06,0.72,0.77,0.72,0.77,9300.0,0.0,1.0,0.72,0.77,0.72,0.77,9300.0
2012-12-05,0.73,0.77,0.72,0.75,25200.0,0.0,1.0,0.73,0.77,0.72,0.75,25200.0
2012-12-04,0.76,0.77,0.73,0.73,4600.0,0.0,1.0,0.76,0.77,0.73,0.73,4600.0
2012-12-03,0.75,0.77,0.73,0.73,49800.0,0.0,1.0,0.75,0.77,0.73,0.73,49800.0
2012-11-30,0.75,0.75,0.73,0.75,21100.0,0.0,1.0,0.75,0.75,0.73,0.75,21100.0
2012-11-29,0.74,0.76,0.73,0.76,12500.0,0.0,1.0,0.74,0.76,0.73,0.76,12500.0
2012-11-28,0.75,0.75,0.73,0.74,10700.0,0.0,1.0,0.75,0.75,0.73,0.74,10700.0
2012-11-27,0.75,0.75,0.75,0.75,0.0,0.0,1.0,0.75,0.75,0.75,0.75,0.0
2012-11-26,0.73,0.75,0.73,0.75,1400.0,0.0,1.0,0.73,0.75,0.73,0.75,1400.0
2012-11-23,0.73,0.75,0.73,0.75,1200.0,0.0,1.0,0.73,0.75,0.73,0.75,1200.0
2012-11-21,0.76,0.76,0.73,0.73,33500.0,0.0,1.0,0.76,0.76,0.73,0.73,33500.0
2012-11-20,0.76,0.76,0.72,0.72,62100.0,0.0,1.0,0.76,0.76,0.72,0.72,62100.0
2012-11-19,0.77,0.78,0.75,0.76,12100.0,0.0,1.0,0.77,0.78,0.75,0.76,12100.0
2012-11-16,0.75,0.8,0.74,0.79,72700.0,0.0,1.0,0.75,0.8,0.74,0.79,72700.0
2012-11-15,0.83,0.84,0.75,0.76,32100.0,0.0,1.0,0.83,0.84,0.75,0.76,32100.0
2012-11-14,0.81,0.85,0.79,0.79,40600.0,0.0,1.0,0.81,0.85,0.79,0.79,40600.0
2012-11-13,0.81,0.83,0.81,0.83,3400.0,0.0,1.0,0.81,0.83,0.81,0.83,3400.0
2012-11-12,0.83,0.83,0.81,0.81,52800.0,0.0,1.0,0.83,0.83,0.81,0.81,52800.0
2012-11-09,0.82,0.86,0.81,0.85,34900.0,0.0,1.0,0.82,0.86,0.81,0.85,34900.0
2012-11-08,0.82,0.85,0.82,0.85,2500.0,0.0,1.0,0.82,0.85,0.82,0.85,2500.0
2012-11-07,0.87,0.87,0.83,0.86,22300.0,0.0,1.0,0.87,0.87,0.83,0.86,22300.0
2012-11-06,0.83,0.87,0.83,0.87,69300.0,0.0,1.0,0.83,0.87,0.83,0.87,69300.0
2012-11-05,0.85,0.86,0.84,0.84,20700.0,0.0,1.0,0.85,0.86,0.84,0.84,20700.0
2012-11-02,0.82,0.88,0.82,0.83,126900.0,0.0,1.0,0.82,0.88,0.82,0.83,126900.0
2012-11-01,0.81,0.86,0.81,0.86,2400.0,0.0,1.0,0.81,0.86,0.81,0.86,2400.0
2012-10-31,0.77,0.85,0.77,0.85,16000.0,0.0,1.0,0.77,0.85,0.77,0.85,16000.0
2012-10-26,0.81,0.85,0.76,0.8,117000.0,0.0,1.0,0.81,0.85,0.76,0.8,117000.0
2012-10-25,0.85,0.85,0.82,0.84,33400.0,0.0,1.0,0.85,0.85,0.82,0.84,33400.0
2012-10-24,0.82,0.85,0.82,0.83,12800.0,0.0,1.0,0.82,0.85,0.82,0.83,12800.0
2012-10-23,0.82,0.84,0.82,0.84,11500.0,0.0,1.0,0.82,0.84,0.82,0.84,11500.0
2012-10-22,0.86,0.86,0.83,0.83,10800.0,0.0,1.0,0.86,0.86,0.83,0.83,10800.0
2012-10-19,0.84,0.84,0.84,0.84,4800.0,0.0,1.0,0.84,0.84,0.84,0.84,4800.0
2012-10-18,0.85,0.86,0.82,0.86,42700.0,0.0,1.0,0.85,0.86,0.82,0.86,42700.0
2012-10-17,0.83,0.85,0.83,0.83,500.0,0.0,1.0,0.83,0.85,0.83,0.83,500.0
2012-10-16,0.85,0.85,0.83,0.83,3800.0,0.0,1.0,0.85,0.85,0.83,0.83,3800.0
2012-10-15,0.82,0.86,0.82,0.85,1600.0,0.0,1.0,0.82,0.86,0.82,0.85,1600.0
2012-10-12,0.83,0.85,0.83,0.85,3800.0,0.0,1.0,0.83,0.85,0.83,0.85,3800.0
2012-10-11,0.82,0.85,0.82,0.83,89300.0,0.0,1.0,0.82,0.85,0.82,0.83,89300.0
2012-10-10,0.83,0.86,0.82,0.82,43600.0,0.0,1.0,0.83,0.86,0.82,0.82,43600.0
2012-10-09,0.85,0.86,0.84,0.84,2200.0,0.0,1.0,0.85,0.86,0.84,0.84,2200.0
2012-10-08,0.83,0.86,0.83,0.86,5500.0,0.0,1.0,0.83,0.86,0.83,0.86,5500.0
2012-10-05,0.87,0.87,0.83,0.83,7100.0,0.0,1.0,0.87,0.87,0.83,0.83,7100.0
2012-10-04,0.87,0.87,0.86,0.87,18100.0,0.0,1.0,0.87,0.87,0.86,0.87,18100.0
2012-10-03,0.83,0.85,0.83,0.85,2400.0,0.0,1.0,0.83,0.85,0.83,0.85,2400.0
2012-10-02,0.87,0.87,0.84,0.84,700.0,0.0,1.0,0.87,0.87,0.84,0.84,700.0
2012-10-01,0.87,0.87,0.87,0.87,0.0,0.0,1.0,0.87,0.87,0.87,0.87,0.0
2012-09-28,0.83,0.87,0.83,0.87,5300.0,0.0,1.0,0.83,0.87,0.83,0.87,5300.0
2012-09-27,0.83,0.87,0.83,0.85,33300.0,0.0,1.0,0.83,0.87,0.83,0.85,33300.0
2012-09-26,0.83,0.85,0.82,0.83,15100.0,0.0,1.0,0.83,0.85,0.82,0.83,15100.0
2012-09-25,0.84,0.85,0.83,0.85,8300.0,0.0,1.0,0.84,0.85,0.83,0.85,8300.0
2012-09-24,0.85,0.85,0.84,0.84,4900.0,0.0,1.0,0.85,0.85,0.84,0.84,4900.0
2012-09-21,0.84,0.85,0.83,0.85,31500.0,0.0,1.0,0.84,0.85,0.83,0.85,31500.0
2012-09-20,0.83,0.85,0.83,0.83,18300.0,0.0,1.0,0.83,0.85,0.83,0.83,18300.0
2012-09-19,0.85,0.85,0.82,0.84,32300.0,0.0,1.0,0.85,0.85,0.82,0.84,32300.0
2012-09-18,0.82,0.84,0.82,0.84,5000.0,0.0,1.0,0.82,0.84,0.82,0.84,5000.0
2012-09-17,0.81,0.85,0.81,0.82,9800.0,0.0,1.0,0.81,0.85,0.81,0.82,9800.0
2012-09-14,0.82,0.85,0.81,0.81,27300.0,0.0,1.0,0.82,0.85,0.81,0.81,27300.0
2012-09-13,0.82,0.85,0.82,0.85,2900.0,0.0,1.0,0.82,0.85,0.82,0.85,2900.0
2012-09-12,0.82,0.85,0.82,0.82,3600.0,0.0,1.0,0.82,0.85,0.82,0.82,3600.0
2012-09-11,0.82,0.85,0.82,0.85,7300.0,0.0,1.0,0.82,0.85,0.82,0.85,7300.0
2012-09-10,0.81,0.85,0.81,0.85,7900.0,0.0,1.0,0.81,0.85,0.81,0.85,7900.0
2012-09-07,0.84,0.85,0.81,0.84,16600.0,0.0,1.0,0.84,0.85,0.81,0.84,16600.0
2012-09-06,0.84,0.84,0.83,0.83,29600.0,0.0,1.0,0.84,0.84,0.83,0.83,29600.0
2012-09-05,0.83,0.87,0.83,0.83,12500.0,0.0,1.0,0.83,0.87,0.83,0.83,12500.0
2012-09-04,0.83,0.85,0.81,0.83,15300.0,0.0,1.0,0.83,0.85,0.81,0.83,15300.0
2012-08-31,0.84,0.85,0.83,0.83,24400.0,0.0,1.0,0.84,0.85,0.83,0.83,24400.0
2012-08-30,0.86,0.87,0.82,0.85,50000.0,0.0,1.0,0.86,0.87,0.82,0.85,50000.0
2012-08-29,0.83,0.87,0.82,0.87,13600.0,0.0,1.0,0.83,0.87,0.82,0.87,13600.0
2012-08-28,0.87,0.87,0.79,0.84,38400.0,0.0,1.0,0.87,0.87,0.79,0.84,38400.0
2012-08-27,0.89,0.89,0.81,0.86,16900.0,0.0,1.0,0.89,0.89,0.81,0.86,16900.0
2012-08-24,0.89,0.89,0.83,0.88,12000.0,0.0,1.0,0.89,0.89,0.83,0.88,12000.0
2012-08-23,0.87,0.88,0.81,0.86,119200.0,0.0,1.0,0.87,0.88,0.81,0.86,119200.0
2012-08-22,0.89,0.89,0.86,0.86,2500.0,0.0,1.0,0.89,0.89,0.86,0.86,2500.0
2012-08-21,0.86,0.9,0.86,0.87,800.0,0.0,1.0,0.86,0.9,0.86,0.87,800.0
2012-08-20,0.9,0.9,0.85,0.85,8000.0,0.0,1.0,0.9,0.9,0.85,0.85,8000.0
2012-08-17,0.85,0.89,0.85,0.88,3100.0,0.0,1.0,0.85,0.89,0.85,0.88,3100.0
2012-08-16,0.84,0.89,0.84,0.88,33200.0,0.0,1.0,0.84,0.89,0.84,0.88,33200.0
2012-08-15,0.84,0.88,0.83,0.88,10500.0,0.0,1.0,0.84,0.88,0.83,0.88,10500.0
2012-08-14,0.86,0.88,0.82,0.82,59400.0,0.0,1.0,0.86,0.88,0.82,0.82,59400.0
2012-08-13,0.85,0.86,0.82,0.86,9900.0,0.0,1.0,0.85,0.86,0.82,0.86,9900.0
2012-08-10,0.8,0.89,0.8,0.86,2800.0,0.0,1.0,0.8,0.89,0.8,0.86,2800.0
2012-08-09,0.8,0.89,0.75,0.79,42100.0,0.0,1.0,0.8,0.89,0.75,0.79,42100.0
2012-08-08,0.75,0.8,0.73,0.8,200300.0,0.0,1.0,0.75,0.8,0.73,0.8,200300.0
2012-08-07,0.72,0.78,0.72,0.75,276500.0,0.0,1.0,0.72,0.78,0.72,0.75,276500.0
2012-08-06,0.77,0.79,0.72,0.73,91500.0,0.0,1.0,0.77,0.79,0.72,0.73,91500.0
2012-08-03,0.79,0.79,0.77,0.79,246500.0,0.0,1.0,0.79,0.79,0.77,0.79,246500.0
2012-08-02,0.85,0.85,0.75,0.76,219500.0,0.0,1.0,0.85,0.85,0.75,0.76,219500.0
2012-08-01,0.82,0.87,0.82,0.82,27500.0,0.0,1.0,0.82,0.87,0.82,0.82,27500.0
2012-07-31,0.87,0.87,0.82,0.83,22600.0,0.0,1.0,0.87,0.87,0.82,0.83,22600.0
2012-07-30,0.83,0.9,0.82,0.84,50100.0,0.0,1.0,0.83,0.9,0.82,0.84,50100.0
2012-07-27,0.84,0.91,0.83,0.87,17400.0,0.0,1.0,0.84,0.91,0.83,0.87,17400.0
2012-07-26,0.92,0.92,0.82,0.82,59700.0,0.0,1.0,0.92,0.92,0.82,0.82,59700.0
2012-07-25,0.92,0.93,0.92,0.93,1000.0,0.0,1.0,0.92,0.93,0.92,0.93,1000.0
2012-07-24,0.9,0.95,0.9,0.92,67600.0,0.0,1.0,0.9,0.95,0.9,0.92,67600.0
2012-07-23,0.91,0.94,0.9,0.91,10400.0,0.0,1.0,0.91,0.94,0.9,0.91,10400.0
2012-07-20,0.93,0.93,0.92,0.93,17600.0,0.0,1.0,0.93,0.93,0.92,0.93,17600.0
2012-07-19,0.92,0.95,0.91,0.93,52800.0,0.0,1.0,0.92,0.95,0.91,0.93,52800.0
2012-07-18,0.92,0.95,0.92,0.95,3400.0,0.0,1.0,0.92,0.95,0.92,0.95,3400.0
2012-07-17,0.91,0.95,0.91,0.92,21500.0,0.0,1.0,0.91,0.95,0.91,0.92,21500.0
2012-07-16,0.91,0.97,0.91,0.92,1500.0,0.0,1.0,0.91,0.97,0.91,0.92,1500.0
2012-07-13,0.93,0.95,0.92,0.95,500.0,0.0,1.0,0.93,0.95,0.92,0.95,500.0
2012-07-12,0.95,0.98,0.93,0.97,2200.0,0.0,1.0,0.95,0.98,0.93,0.97,2200.0
2012-07-11,0.99,0.99,0.95,0.98,2600.0,0.0,1.0,0.99,0.99,0.95,0.98,2600.0
2012-07-10,0.98,1.0,0.95,0.95,9900.0,0.0,1.0,0.98,1.0,0.95,0.95,9900.0
2012-07-09,0.93,1.0,0.91,0.92,29000.0,0.0,1.0,0.93,1.0,0.91,0.92,29000.0
2012-07-06,0.9,0.97,0.9,0.95,64900.0,0.0,1.0,0.9,0.97,0.9,0.95,64900.0
2012-07-05,0.92,0.95,0.89,0.91,74700.0,0.0,1.0,0.92,0.95,0.89,0.91,74700.0
2012-07-03,0.92,0.95,0.91,0.92,11100.0,0.0,1.0,0.92,0.95,0.91,0.92,11100.0
2012-07-02,0.95,0.95,0.92,0.92,66100.0,0.0,1.0,0.95,0.95,0.92,0.92,66100.0
2012-06-29,0.91,0.95,0.91,0.94,37000.0,0.0,1.0,0.91,0.95,0.91,0.94,37000.0
2012-06-28,0.91,0.92,0.87,0.88,90100.0,0.0,1.0,0.91,0.92,0.87,0.88,90100.0
2012-06-27,0.95,0.95,0.9,0.9,22000.0,0.0,1.0,0.95,0.95,0.9,0.9,22000.0
2012-06-26,0.95,0.95,0.92,0.93,14400.0,0.0,1.0,0.95,0.95,0.92,0.93,14400.0
2012-06-25,0.93,0.97,0.93,0.96,5400.0,0.0,1.0,0.93,0.97,0.93,0.96,5400.0
2012-06-22,0.97,0.98,0.95,0.97,39500.0,0.0,1.0,0.97,0.98,0.95,0.97,39500.0
2012-06-21,0.96,0.98,0.95,0.96,17300.0,0.0,1.0,0.96,0.98,0.95,0.96,17300.0
2012-06-20,0.96,0.97,0.96,0.96,18000.0,0.0,1.0,0.96,0.97,0.96,0.96,18000.0
2012-06-19,0.99,0.99,0.95,0.95,25800.0,0.0,1.0,0.99,0.99,0.95,0.95,25800.0
2012-06-18,0.95,0.99,0.95,0.99,26700.0,0.0,1.0,0.95,0.99,0.95,0.99,26700.0
2012-06-15,0.97,1.05,0.85,0.91,52300.0,0.0,1.0,0.97,1.05,0.85,0.91,52300.0
2012-06-14,0.94,0.97,0.92,0.94,22100.0,0.0,1.0,0.94,0.97,0.92,0.94,22100.0
2012-06-13,0.97,0.98,0.97,0.97,11700.0,0.0,1.0,0.97,0.98,0.97,0.97,11700.0
2012-06-12,1.0,1.0,0.97,0.97,5700.0,0.0,1.0,1.0,1.0,0.97,0.97,5700.0
2012-06-11,1.0,1.0,0.97,0.99,41000.0,0.0,1.0,1.0,1.0,0.97,0.99,41000.0
2012-06-08,1.01,1.01,0.97,0.97,4500.0,0.0,1.0,1.01,1.01,0.97,0.97,4500.0
2012-06-07,0.98,1.01,0.98,0.98,6300.0,0.0,1.0,0.98,1.01,0.98,0.98,6300.0
2012-06-06,0.97,1.01,0.97,0.98,28600.0,0.0,1.0,0.97,1.01,0.97,0.98,28600.0
2012-06-05,0.98,0.98,0.95,0.96,2500.0,0.0,1.0,0.98,0.98,0.95,0.96,2500.0
2012-06-04,0.96,1.0,0.95,0.96,17000.0,0.0,1.0,0.96,1.0,0.95,0.96,17000.0
2012-06-01,0.95,1.01,0.95,1.01,400.0,0.0,1.0,0.95,1.01,0.95,1.01,400.0
2012-05-31,0.99,1.02,0.93,1.01,84100.0,0.0,1.0,0.99,1.02,0.93,1.01,84100.0
2012-05-30,1.01,1.02,1.0,1.01,33300.0,0.0,1.0,1.01,1.02,1.0,1.01,33300.0
2012-05-29,1.03,1.06,1.01,1.02,11500.0,0.0,1.0,1.03,1.06,1.01,1.02,11500.0
2012-05-25,1.05,1.06,1.02,1.02,1000.0,0.0,1.0,1.05,1.06,1.02,1.02,1000.0
2012-05-24,1.02,1.06,1.02,1.06,6300.0,0.0,1.0,1.02,1.06,1.02,1.06,6300.0
2012-05-23,1.02,1.06,1.01,1.02,19000.0,0.0,1.0,1.02,1.06,1.01,1.02,19000.0
2012-05-22,1.0,1.09,1.0,1.03,46000.0,0.0,1.0,1.0,1.09,1.0,1.03,46000.0
2012-05-21,0.99,1.06,0.99,1.0,18300.0,0.0,1.0,0.99,1.06,0.99,1.0,18300.0
2012-05-18,1.02,1.03,1.0,1.0,25500.0,0.0,1.0,1.02,1.03,1.0,1.0,25500.0
2012-05-17,1.05,1.06,1.01,1.02,11800.0,0.0,1.0,1.05,1.06,1.01,1.02,11800.0
2012-05-16,1.06,1.06,1.02,1.05,17000.0,0.0,1.0,1.06,1.06,1.02,1.05,17000.0
2012-05-15,1.02,1.04,1.0,1.03,16000.0,0.0,1.0,1.02,1.04,1.0,1.03,16000.0
2012-05-14,1.06,1.06,1.03,1.05,10300.0,0.0,1.0,1.06,1.06,1.03,1.05,10300.0
2012-05-11,1.07,1.12,1.03,1.07,16600.0,0.0,1.0,1.07,1.12,1.03,1.07,16600.0
2012-05-10,1.08,1.1,1.01,1.09,31000.0,0.0,1.0,1.08,1.1,1.01,1.09,31000.0
2012-05-09,1.06,1.09,1.06,1.09,700.0,0.0,1.0,1.06,1.09,1.06,1.09,700.0
2012-05-08,1.06,1.11,1.06,1.08,10100.0,0.0,1.0,1.06,1.11,1.06,1.08,10100.0
2012-05-07,1.07,1.1,1.05,1.07,6500.0,0.0,1.0,1.07,1.1,1.05,1.07,6500.0
2012-05-04,1.1,1.1,1.04,1.06,44600.0,0.0,1.0,1.1,1.1,1.04,1.06,44600.0
2012-05-03,1.2,1.2,1.01,1.1,63000.0,0.0,1.0,1.2,1.2,1.01,1.1,63000.0
2012-05-02,1.23,1.23,1.15,1.16,53500.0,0.0,1.0,1.23,1.23,1.15,1.16,53500.0
2012-05-01,1.14,1.22,1.14,1.22,155000.0,0.0,1.0,1.14,1.22,1.14,1.22,155000.0
2012-04-30,1.08,1.15,1.08,1.12,107000.0,0.0,1.0,1.08,1.15,1.08,1.12,107000.0
2012-04-27,1.05,1.12,1.05,1.1,188000.0,0.0,1.0,1.05,1.12,1.05,1.1,188000.0
2012-04-26,0.99,1.04,0.99,1.03,86000.0,0.0,1.0,0.99,1.04,0.99,1.03,86000.0
2012-04-25,0.99,1.01,0.99,0.99,3900.0,0.0,1.0,0.99,1.01,0.99,0.99,3900.0
2012-04-24,0.99,1.01,0.99,0.99,43400.0,0.0,1.0,0.99,1.01,0.99,0.99,43400.0
2012-04-23,1.0,1.02,0.99,1.01,14800.0,0.0,1.0,1.0,1.02,0.99,1.01,14800.0
2012-04-20,0.99,1.0,0.99,0.99,36200.0,0.0,1.0,0.99,1.0,0.99,0.99,36200.0
2012-04-19,0.99,1.01,0.99,1.0,74800.0,0.0,1.0,0.99,1.01,0.99,1.0,74800.0
2012-04-18,0.98,1.02,0.98,1.01,37300.0,0.0,1.0,0.98,1.02,0.98,1.01,37300.0
2012-04-17,0.98,1.01,0.98,0.99,8600.0,0.0,1.0,0.98,1.01,0.98,0.99,8600.0
2012-04-16,0.99,1.02,0.97,0.99,71400.0,0.0,1.0,0.99,1.02,0.97,0.99,71400.0
2012-04-13,1.03,1.04,0.98,1.0,37800.0,0.0,1.0,1.03,1.04,0.98,1.0,37800.0
2012-04-12,1.06,1.06,1.04,1.04,9500.0,0.0,1.0,1.06,1.06,1.04,1.04,9500.0
2012-04-11,1.0,1.07,0.99,1.05,425800.0,0.0,1.0,1.0,1.07,0.99,1.05,425800.0
2012-04-10,1.03,1.03,0.98,0.99,80900.0,0.0,1.0,1.03,1.03,0.98,0.99,80900.0
2012-04-09,1.02,1.06,1.01,1.06,39000.0,0.0,1.0,1.02,1.06,1.01,1.06,39000.0
2012-04-05,1.03,1.06,1.03,1.06,90400.0,0.0,1.0,1.03,1.06,1.03,1.06,90400.0
2012-04-04,1.02,1.03,1.01,1.03,14600.0,0.0,1.0,1.02,1.03,1.01,1.03,14600.0
2012-04-03,1.01,1.09,1.01,1.08,116600.0,0.0,1.0,1.01,1.09,1.01,1.08,116600.0
2012-04-02,0.99,1.05,0.99,1.03,113000.0,0.0,1.0,0.99,1.05,0.99,1.03,113000.0
2012-03-30,0.97,1.01,0.96,0.97,100100.0,0.0,1.0,0.97,1.01,0.96,0.97,100100.0
2012-03-29,0.97,1.02,0.96,0.96,136300.0,0.0,1.0,0.97,1.02,0.96,0.96,136300.0
2012-03-28,0.98,1.0,0.98,0.98,14600.0,0.0,1.0,0.98,1.0,0.98,0.98,14600.0
2012-03-27,0.98,1.03,0.97,0.97,66600.0,0.0,1.0,0.98,1.03,0.97,0.97,66600.0
2012-03-26,1.02,1.03,0.98,0.98,21000.0,0.0,1.0,1.02,1.03,0.98,0.98,21000.0
2012-03-23,0.98,1.01,0.98,0.99,16500.0,0.0,1.0,0.98,1.01,0.98,0.99,16500.0
2012-03-22,0.99,1.0,0.98,0.98,27200.0,0.0,1.0,0.99,1.0,0.98,0.98,27200.0
2012-03-21,1.02,1.03,0.99,1.0,10400.0,0.0,1.0,1.02,1.03,0.99,1.0,10400.0
2012-03-20,0.99,1.01,0.97,1.0,29200.0,0.0,1.0,0.99,1.01,0.97,1.0,29200.0
2012-03-19,1.0,1.02,0.96,1.01,31800.0,0.0,1.0,1.0,1.02,0.96,1.01,31800.0
2012-03-16,1.04,1.06,0.96,0.96,175100.0,0.0,1.0,1.04,1.06,0.96,0.96,175100.0
2012-03-15,1.11,1.11,1.01,1.03,119000.0,0.0,1.0,1.11,1.11,1.01,1.03,119000.0
2012-03-14,0.99,1.07,0.99,1.06,137000.0,0.0,1.0,0.99,1.07,0.99,1.06,137000.0
2012-03-13,1.03,1.03,1.0,1.01,31900.0,0.0,1.0,1.03,1.03,1.0,1.01,31900.0
2012-03-12,1.05,1.08,1.02,1.02,23200.0,0.0,1.0,1.05,1.08,1.02,1.02,23200.0
2012-03-09,0.97,1.04,0.96,1.04,106800.0,0.0,1.0,0.97,1.04,0.96,1.04,106800.0
2012-03-08,0.95,0.98,0.94,0.98,69300.0,0.0,1.0,0.95,0.98,0.94,0.98,69300.0
2012-03-07,0.99,0.99,0.95,0.95,17700.0,0.0,1.0,0.99,0.99,0.95,0.95,17700.0
2012-03-06,0.98,1.0,0.94,0.95,50800.0,0.0,1.0,0.98,1.0,0.94,0.95,50800.0
2012-03-05,0.96,1.0,0.95,0.96,54000.0,0.0,1.0,0.96,1.0,0.95,0.96,54000.0
2012-03-02,0.97,1.0,0.96,0.96,35000.0,0.0,1.0,0.97,1.0,0.96,0.96,35000.0
2012-03-01,1.0,1.02,0.95,0.97,86300.0,0.0,1.0,1.0,1.02,0.95,0.97,86300.0
2012-02-29,0.99,1.06,0.96,0.96,59000.0,0.0,1.0,0.99,1.06,0.96,0.96,59000.0
2012-02-28,0.99,1.01,0.98,1.0,105500.0,0.0,1.0,0.99,1.01,0.98,1.0,105500.0
2012-02-27,1.02,1.02,0.99,0.99,59600.0,0.0,1.0,1.02,1.02,0.99,0.99,59600.0
2012-02-24,1.06,1.08,0.97,1.02,202200.0,0.0,1.0,1.06,1.08,0.97,1.02,202200.0
2012-02-23,1.12,1.14,1.06,1.06,97300.0,0.0,1.0,1.12,1.14,1.06,1.06,97300.0
2012-02-22,1.15,1.2,1.09,1.13,107800.0,0.0,1.0,1.15,1.2,1.09,1.13,107800.0
2012-02-21,1.2,1.2,1.14,1.14,59600.0,0.0,1.0,1.2,1.2,1.14,1.14,59600.0
2012-02-17,1.13,1.19,1.13,1.16,25000.0,0.0,1.0,1.13,1.19,1.13,1.16,25000.0
2012-02-16,1.16,1.19,1.13,1.14,11500.0,0.0,1.0,1.16,1.19,1.13,1.14,11500.0
2012-02-15,1.15,1.21,1.14,1.16,44000.0,0.0,1.0,1.15,1.21,1.14,1.16,44000.0
2012-02-14,1.13,1.19,1.13,1.15,23400.0,0.0,1.0,1.13,1.19,1.13,1.15,23400.0
2012-02-13,1.23,1.23,1.16,1.18,67900.0,0.0,1.0,1.23,1.23,1.16,1.18,67900.0
2012-02-10,1.22,1.22,1.16,1.22,91200.0,0.0,1.0,1.22,1.22,1.16,1.22,91200.0
2012-02-09,1.16,1.23,1.16,1.21,289200.0,0.0,1.0,1.16,1.23,1.16,1.21,289200.0
2012-02-08,1.08,1.25,1.08,1.14,491300.0,0.0,1.0,1.08,1.25,1.08,1.14,491300.0
2012-02-07,1.04,1.08,1.03,1.05,37500.0,0.0,1.0,1.04,1.08,1.03,1.05,37500.0
2012-02-06,1.07,1.07,1.02,1.06,39300.0,0.0,1.0,1.07,1.07,1.02,1.06,39300.0
2012-02-03,1.05,1.09,1.04,1.04,28400.0,0.0,1.0,1.05,1.09,1.04,1.04,28400.0
2012-02-02,1.09,1.09,1.03,1.03,10300.0,0.0,1.0,1.09,1.09,1.03,1.03,10300.0
2012-02-01,1.04,1.1,1.0,1.06,110000.0,0.0,1.0,1.04,1.1,1.0,1.06,110000.0
2012-01-31,1.01,1.04,1.0,1.03,105400.0,0.0,1.0,1.01,1.04,1.0,1.03,105400.0
2012-01-30,1.15,1.15,0.99,1.01,94100.0,0.0,1.0,1.15,1.15,0.99,1.01,94100.0
2012-01-27,1.08,1.11,1.07,1.11,17700.0,0.0,1.0,1.08,1.11,1.07,1.11,17700.0
2012-01-26,1.18,1.18,1.05,1.1,90700.0,0.0,1.0,1.18,1.18,1.05,1.1,90700.0
2012-01-25,1.18,1.25,1.09,1.09,241100.0,0.0,1.0,1.18,1.25,1.09,1.09,241100.0
2012-01-24,1.03,1.22,0.99,1.18,427300.0,0.0,1.0,1.03,1.22,0.99,1.18,427300.0
2012-01-23,0.97,1.12,0.96,1.03,154700.0,0.0,1.0,0.97,1.12,0.96,1.03,154700.0
2012-01-20,0.99,1.03,0.96,0.97,104700.0,0.0,1.0,0.99,1.03,0.96,0.97,104700.0
2012-01-19,0.93,1.01,0.93,0.99,141900.0,0.0,1.0,0.93,1.01,0.93,0.99,141900.0
2012-01-18,0.93,0.96,0.93,0.93,45500.0,0.0,1.0,0.93,0.96,0.93,0.93,45500.0
2012-01-17,0.95,0.95,0.93,0.95,4800.0,0.0,1.0,0.95,0.95,0.93,0.95,4800.0
2012-01-13,0.94,0.94,0.93,0.94,30600.0,0.0,1.0,0.94,0.94,0.93,0.94,30600.0
2012-01-12,0.96,1.01,0.94,0.94,87400.0,0.0,1.0,0.96,1.01,0.94,0.94,87400.0
2012-01-11,0.95,1.02,0.94,1.0,96500.0,0.0,1.0,0.95,1.02,0.94,1.0,96500.0
2012-01-10,1.01,1.05,0.95,0.95,213700.0,0.0,1.0,1.01,1.05,0.95,0.95,213700.0
2012-01-09,0.95,0.98,0.93,0.98,114500.0,0.0,1.0,0.95,0.98,0.93,0.98,114500.0
2012-01-06,0.94,0.95,0.93,0.94,14300.0,0.0,1.0,0.94,0.95,0.93,0.94,14300.0
2012-01-05,0.99,0.99,0.93,0.94,16700.0,0.0,1.0,0.99,0.99,0.93,0.94,16700.0
2012-01-04,0.98,0.98,0.94,0.97,29200.0,0.0,1.0,0.98,0.98,0.94,0.97,29200.0
2012-01-03,1.04,1.04,0.94,0.98,23000.0,0.0,1.0,1.04,1.04,0.94,0.98,23000.0
2011-12-30,0.95,1.0,0.91,1.0,71800.0,0.0,1.0,0.95,1.0,0.91,1.0,71800.0
2011-12-29,0.93,0.97,0.92,0.97,113400.0,0.0,1.0,0.93,0.97,0.92,0.97,113400.0
2011-12-28,0.91,0.93,0.91,0.93,16700.0,0.0,1.0,0.91,0.93,0.91,0.93,16700.0
2011-12-27,0.95,1.0,0.91,0.91,105600.0,0.0,1.0,0.95,1.0,0.91,0.91,105600.0
2011-12-23,0.94,0.96,0.92,0.94,94600.0,0.0,1.0,0.94,0.96,0.92,0.94,94600.0
2011-12-22,1.01,1.01,0.95,0.95,39000.0,0.0,1.0,1.01,1.01,0.95,0.95,39000.0
2011-12-21,0.98,1.02,0.93,0.99,185100.0,0.0,1.0,0.98,1.02,0.93,0.99,185100.0
2011-12-20,1.02,1.03,0.93,0.96,116400.0,0.0,1.0,1.02,1.03,0.93,0.96,116400.0
2011-12-19,1.04,1.04,0.95,0.98,65200.0,0.0,1.0,1.04,1.04,0.95,0.98,65200.0
2011-12-16,1.01,1.03,0.98,1.03,60600.0,0.0,1.0,1.01,1.03,0.98,1.03,60600.0
2011-12-15,1.1,1.1,1.02,1.02,38300.0,0.0,1.0,1.1,1.1,1.02,1.02,38300.0
2011-12-14,1.02,1.07,1.01,1.07,9900.0,0.0,1.0,1.02,1.07,1.01,1.07,9900.0
2011-12-13,1.08,1.09,1.03,1.04,58700.0,0.0,1.0,1.08,1.09,1.03,1.04,58700.0
2011-12-12,1.09,1.09,1.05,1.09,29900.0,0.0,1.0,1.09,1.09,1.05,1.09,29900.0
2011-12-09,1.09,1.1,1.06,1.1,72100.0,0.0,1.0,1.09,1.1,1.06,1.1,72100.0
2011-12-08,1.07,1.1,1.07,1.09,23900.0,0.0,1.0,1.07,1.1,1.07,1.09,23900.0
2011-12-07,1.08,1.09,1.06,1.07,50100.0,0.0,1.0,1.08,1.09,1.06,1.07,50100.0
2011-12-06,1.12,1.13,1.07,1.07,114100.0,0.0,1.0,1.12,1.13,1.07,1.07,114100.0
2011-12-05,1.12,1.13,1.09,1.13,171300.0,0.0,1.0,1.12,1.13,1.09,1.13,171300.0
2011-12-02,1.17,1.17,1.11,1.12,100800.0,0.0,1.0,1.17,1.17,1.11,1.12,100800.0
2011-12-01,1.14,1.16,1.11,1.15,54000.0,0.0,1.0,1.14,1.16,1.11,1.15,54000.0
2011-11-30,1.17,1.17,1.13,1.13,76100.0,0.0,1.0,1.17,1.17,1.13,1.13,76100.0
2011-11-29,1.2,1.2,1.14,1.17,26300.0,0.0,1.0,1.2,1.2,1.14,1.17,26300.0
2011-11-28,1.23,1.26,1.15,1.21,16500.0,0.0,1.0,1.23,1.26,1.15,1.21,16500.0
2011-11-25,1.12,1.15,1.11,1.15,7000.0,0.0,1.0,1.12,1.15,1.11,1.15,7000.0
2011-11-23,1.09,1.17,1.07,1.13,28900.0,0.0,1.0,1.09,1.17,1.07,1.13,28900.0
2011-11-22,1.18,1.18,1.11,1.11,28600.0,0.0,1.0,1.18,1.18,1.11,1.11,28600.0
2011-11-21,1.15,1.29,1.15,1.18,51000.0,0.0,1.0,1.15,1.29,1.15,1.18,51000.0
2011-11-18,1.23,1.25,1.15,1.19,38500.0,0.0,1.0,1.23,1.25,1.15,1.19,38500.0
2011-11-17,1.32,1.32,1.24,1.26,10800.0,0.0,1.0,1.32,1.32,1.24,1.26,10800.0
2011-11-16,1.26,1.35,1.21,1.26,86600.0,0.0,1.0,1.26,1.35,1.21,1.26,86600.0
2011-11-15,1.28,1.4,1.25,1.26,53800.0,0.0,1.0,1.28,1.4,1.25,1.26,53800.0
2011-11-14,1.29,1.38,1.28,1.3,55500.0,0.0,1.0,1.29,1.38,1.28,1.3,55500.0
2011-11-11,1.29,1.43,1.25,1.29,152300.0,0.0,1.0,1.29,1.43,1.25,1.29,152300.0
2011-11-10,1.41,1.41,1.25,1.3,48800.0,0.0,1.0,1.41,1.41,1.25,1.3,48800.0
2011-11-09,1.43,1.45,1.33,1.37,90300.0,0.0,1.0,1.43,1.45,1.33,1.37,90300.0
2011-11-08,1.42,1.6,1.42,1.47,307300.0,0.0,1.0,1.42,1.6,1.42,1.47,307300.0
2011-11-07,1.32,1.48,1.32,1.4,200400.0,0.0,1.0,1.32,1.48,1.32,1.4,200400.0
2011-11-04,1.27,1.35,1.26,1.35,31900.0,0.0,1.0,1.27,1.35,1.26,1.35,31900.0
2011-11-03,1.25,1.32,1.25,1.25,17800.0,0.0,1.0,1.25,1.32,1.25,1.25,17800.0
2011-11-02,1.24,1.25,1.23,1.25,8000.0,0.0,1.0,1.24,1.25,1.23,1.25,8000.0
2011-11-01,1.22,1.33,1.2,1.2,73400.0,0.0,1.0,1.22,1.33,1.2,1.2,73400.0
2011-10-31,1.29,1.31,1.26,1.28,14000.0,0.0,1.0,1.29,1.31,1.26,1.28,14000.0
2011-10-28,1.28,1.38,1.28,1.28,18700.0,0.0,1.0,1.28,1.38,1.28,1.28,18700.0
2011-10-27,1.27,1.32,1.26,1.29,39900.0,0.0,1.0,1.27,1.32,1.26,1.29,39900.0
2011-10-26,1.27,1.27,1.21,1.22,46200.0,0.0,1.0,1.27,1.27,1.21,1.22,46200.0
2011-10-25,1.34,1.35,1.21,1.27,99500.0,0.0,1.0,1.34,1.35,1.21,1.27,99500.0
2011-10-24,1.38,1.4,1.33,1.33,58200.0,0.0,1.0,1.38,1.4,1.33,1.33,58200.0
2011-10-21,1.29,1.35,1.28,1.34,35900.0,0.0,1.0,1.29,1.35,1.28,1.34,35900.0
2011-10-20,1.26,1.29,1.24,1.28,36200.0,0.0,1.0,1.26,1.29,1.24,1.28,36200.0
2011-10-19,1.22,1.26,1.22,1.26,28400.0,0.0,1.0,1.22,1.26,1.22,1.26,28400.0
2011-10-18,1.22,1.27,1.2,1.23,24600.0,0.0,1.0,1.22,1.27,1.2,1.23,24600.0
2011-10-17,1.28,1.28,1.22,1.22,16600.0,0.0,1.0,1.28,1.28,1.22,1.22,16600.0
2011-10-14,1.29,1.31,1.22,1.27,28600.0,0.0,1.0,1.29,1.31,1.22,1.27,28600.0
2011-10-13,1.33,1.36,1.22,1.29,49900.0,0.0,1.0,1.33,1.36,1.22,1.29,49900.0
2011-10-12,1.29,1.37,1.25,1.34,22100.0,0.0,1.0,1.29,1.37,1.25,1.34,22100.0
2011-10-11,1.21,1.29,1.21,1.29,32000.0,0.0,1.0,1.21,1.29,1.21,1.29,32000.0
2011-10-10,1.17,1.24,1.17,1.19,27600.0,0.0,1.0,1.17,1.24,1.17,1.19,27600.0
2011-10-07,1.15,1.19,1.14,1.16,29200.0,0.0,1.0,1.15,1.19,1.14,1.16,29200.0
2011-10-06,1.08,1.16,1.08,1.12,44200.0,0.0,1.0,1.08,1.16,1.08,1.12,44200.0
2011-10-05,0.93,1.15,0.93,1.05,34500.0,0.0,1.0,0.93,1.15,0.93,1.05,34500.0
2011-10-04,1.0,1.0,0.92,0.92,141200.0,0.0,1.0,1.0,1.0,0.92,0.92,141200.0
2011-10-03,1.15,1.17,0.97,1.05,102400.0,0.0,1.0,1.15,1.17,0.97,1.05,102400.0
2011-09-30,1.16,1.23,1.16,1.19,23300.0,0.0,1.0,1.16,1.23,1.16,1.19,23300.0
2011-09-29,1.16,1.26,1.16,1.18,85700.0,0.0,1.0,1.16,1.26,1.16,1.18,85700.0
2011-09-28,1.19,1.23,1.11,1.13,57500.0,0.0,1.0,1.19,1.23,1.11,1.13,57500.0
2011-09-27,1.2,1.23,1.16,1.19,76700.0,0.0,1.0,1.2,1.23,1.16,1.19,76700.0
2011-09-26,1.2,1.2,1.16,1.16,46000.0,0.0,1.0,1.2,1.2,1.16,1.16,46000.0
2011-09-23,1.25,1.29,1.16,1.2,95200.0,0.0,1.0,1.25,1.29,1.16,1.2,95200.0
2011-09-22,1.3,1.35,1.24,1.29,50200.0,0.0,1.0,1.3,1.35,1.24,1.29,50200.0
2011-09-21,1.33,1.36,1.3,1.3,10700.0,0.0,1.0,1.33,1.36,1.3,1.3,10700.0
2011-09-20,1.35,1.37,1.3,1.33,48500.0,0.0,1.0,1.35,1.37,1.3,1.33,48500.0
2011-09-19,1.4,1.41,1.34,1.35,32900.0,0.0,1.0,1.4,1.41,1.34,1.35,32900.0
2011-09-16,1.42,1.46,1.39,1.46,44200.0,0.0,1.0,1.42,1.46,1.39,1.46,44200.0
2011-09-15,1.4,1.42,1.37,1.42,44500.0,0.0,1.0,1.4,1.42,1.37,1.42,44500.0
2011-09-14,1.36,1.39,1.27,1.37,53600.0,0.0,1.0,1.36,1.39,1.27,1.37,53600.0
2011-09-13,1.29,1.34,1.27,1.34,66900.0,0.0,1.0,1.29,1.34,1.27,1.34,66900.0
2011-09-12,1.24,1.31,1.18,1.25,66800.0,0.0,1.0,1.24,1.31,1.18,1.25,66800.0
2011-09-09,1.31,1.35,1.24,1.24,54600.0,0.0,1.0,1.31,1.35,1.24,1.24,54600.0
2011-09-08,1.29,1.34,1.29,1.3,39600.0,0.0,1.0,1.29,1.34,1.29,1.3,39600.0
2011-09-07,1.31,1.36,1.28,1.3,79100.0,0.0,1.0,1.31,1.36,1.28,1.3,79100.0
2011-09-06,1.26,1.3,1.18,1.3,82900.0,0.0,1.0,1.26,1.3,1.18,1.3,82900.0
2011-09-02,1.34,1.38,1.3,1.32,54900.0,0.0,1.0,1.34,1.38,1.3,1.32,54900.0
2011-09-01,1.44,1.47,1.36,1.4,66600.0,0.0,1.0,1.44,1.47,1.36,1.4,66600.0
2011-08-31,1.42,1.45,1.41,1.43,25300.0,0.0,1.0,1.42,1.45,1.41,1.43,25300.0
2011-08-30,1.42,1.46,1.24,1.4,127800.0,0.0,1.0,1.42,1.46,1.24,1.4,127800.0
2011-08-29,1.26,1.47,1.26,1.45,76700.0,0.0,1.0,1.26,1.47,1.26,1.45,76700.0
2011-08-26,1.33,1.37,1.22,1.24,106500.0,0.0,1.0,1.33,1.37,1.22,1.24,106500.0
2011-08-25,1.34,1.36,1.32,1.32,55200.0,0.0,1.0,1.34,1.36,1.32,1.32,55200.0
2011-08-24,1.27,1.37,1.27,1.32,75100.0,0.0,1.0,1.27,1.37,1.27,1.32,75100.0
2011-08-23,1.15,1.27,1.12,1.26,91700.0,0.0,1.0,1.15,1.27,1.12,1.26,91700.0
2011-08-22,1.37,1.37,1.12,1.13,189900.0,0.0,1.0,1.37,1.37,1.12,1.13,189900.0
2011-08-19,1.41,1.42,1.32,1.34,57000.0,0.0,1.0,1.41,1.42,1.32,1.34,57000.0
2011-08-18,1.51,1.52,1.43,1.44,136700.0,0.0,1.0,1.51,1.52,1.43,1.44,136700.0
2011-08-17,1.53,1.6,1.52,1.57,74000.0,0.0,1.0,1.53,1.6,1.52,1.57,74000.0
2011-08-16,1.53,1.57,1.51,1.51,55100.0,0.0,1.0,1.53,1.57,1.51,1.51,55100.0
2011-08-15,1.46,1.58,1.46,1.56,119400.0,0.0,1.0,1.46,1.58,1.46,1.56,119400.0
2011-08-12,1.26,1.5,1.26,1.44,182300.0,0.0,1.0,1.26,1.5,1.26,1.44,182300.0
2011-08-11,1.23,1.26,1.21,1.25,67200.0,0.0,1.0,1.23,1.26,1.21,1.25,67200.0
2011-08-10,1.22,1.23,1.17,1.21,56800.0,0.0,1.0,1.22,1.23,1.17,1.21,56800.0
2011-08-09,1.15,1.26,1.1,1.26,118900.0,0.0,1.0,1.15,1.26,1.1,1.26,118900.0
2011-08-08,1.12,1.17,1.01,1.12,298100.0,0.0,1.0,1.12,1.17,1.01,1.12,298100.0
2011-08-05,1.37,1.42,1.17,1.19,266600.0,0.0,1.0,1.37,1.42,1.17,1.19,266600.0
2011-08-04,1.35,1.4,1.35,1.35,187600.0,0.0,1.0,1.35,1.4,1.35,1.35,187600.0
2011-08-03,1.4,1.42,1.35,1.38,98200.0,0.0,1.0,1.4,1.42,1.35,1.38,98200.0
2011-08-02,1.47,1.47,1.37,1.4,112400.0,0.0,1.0,1.47,1.47,1.37,1.4,112400.0
2011-08-01,1.46,1.49,1.41,1.46,54200.0,0.0,1.0,1.46,1.49,1.41,1.46,54200.0
2011-07-29,1.49,1.49,1.43,1.43,90300.0,0.0,1.0,1.49,1.49,1.43,1.43,90300.0
2011-07-28,1.53,1.55,1.44,1.47,142900.0,0.0,1.0,1.53,1.55,1.44,1.47,142900.0
2011-07-27,1.5,1.54,1.5,1.53,77800.0,0.0,1.0,1.5,1.54,1.5,1.53,77800.0
2011-07-26,1.55,1.55,1.45,1.53,151500.0,0.0,1.0,1.55,1.55,1.45,1.53,151500.0
2011-07-25,1.55,1.57,1.51,1.57,79000.0,0.0,1.0,1.55,1.57,1.51,1.57,79000.0
2011-07-22,1.58,1.62,1.5,1.58,141100.0,0.0,1.0,1.58,1.62,1.5,1.58,141100.0
2011-07-21,1.63,1.65,1.61,1.61,53100.0,0.0,1.0,1.63,1.65,1.61,1.61,53100.0
2011-07-20,1.63,1.67,1.6,1.6,55500.0,0.0,1.0,1.63,1.67,1.6,1.6,55500.0
2011-07-19,1.65,1.67,1.62,1.62,129900.0,0.0,1.0,1.65,1.67,1.62,1.62,129900.0
2011-07-18,1.66,1.68,1.62,1.66,63200.0,0.0,1.0,1.66,1.68,1.62,1.66,63200.0
2011-07-15,1.65,1.67,1.62,1.65,51900.0,0.0,1.0,1.65,1.67,1.62,1.65,51900.0
2011-07-14,1.72,1.74,1.63,1.64,146700.0,0.0,1.0,1.72,1.74,1.63,1.64,146700.0
2011-07-13,1.69,1.79,1.66,1.73,74200.0,0.0,1.0,1.69,1.79,1.66,1.73,74200.0
2011-07-12,1.6,1.69,1.6,1.66,133900.0,0.0,1.0,1.6,1.69,1.6,1.66,133900.0
2011-07-11,1.69,1.7,1.57,1.65,188600.0,0.0,1.0,1.69,1.7,1.57,1.65,188600.0
2011-07-08,1.76,1.8,1.71,1.71,183400.0,0.0,1.0,1.76,1.8,1.71,1.71,183400.0
2011-07-07,1.74,1.83,1.72,1.77,139300.0,0.0,1.0,1.74,1.83,1.72,1.77,139300.0
2011-07-06,1.72,1.74,1.69,1.71,203600.0,0.0,1.0,1.72,1.74,1.69,1.71,203600.0
2011-07-05,1.72,1.73,1.69,1.71,191800.0,0.0,1.0,1.72,1.73,1.69,1.71,191800.0
2011-07-01,1.82,1.82,1.71,1.71,235700.0,0.0,1.0,1.82,1.82,1.71,1.71,235700.0
2011-06-30,1.76,1.77,1.7,1.77,333900.0,0.0,1.0,1.76,1.77,1.7,1.77,333900.0
2011-06-29,1.86,1.87,1.76,1.76,232600.0,0.0,1.0,1.86,1.87,1.76,1.76,232600.0
2011-06-28,1.8,1.88,1.79,1.84,101900.0,0.0,1.0,1.8,1.88,1.79,1.84,101900.0
2011-06-27,1.88,1.88,1.68,1.8,385000.0,0.0,1.0,1.88,1.88,1.68,1.8,385000.0
2011-06-24,1.93,1.98,1.84,1.86,5002500.0,0.0,1.0,1.93,1.98,1.84,1.86,5002500.0
2011-06-23,1.96,1.98,1.9,1.92,179900.0,0.0,1.0,1.96,1.98,1.9,1.92,179900.0
2011-06-22,1.96,2.05,1.96,2.0,237500.0,0.0,1.0,1.96,2.05,1.96,2.0,237500.0
2011-06-21,1.92,2.01,1.84,1.99,404800.0,0.0,1.0,1.92,2.01,1.84,1.99,404800.0
2011-06-20,1.87,2.02,1.82,1.9,361000.0,0.0,1.0,1.87,2.02,1.82,1.9,361000.0
2011-06-17,1.78,1.89,1.78,1.89,335900.0,0.0,1.0,1.78,1.89,1.78,1.89,335900.0
2011-06-16,1.72,1.8,1.66,1.72,320500.0,0.0,1.0,1.72,1.8,1.66,1.72,320500.0
2011-06-15,1.79,1.9,1.7,1.71,467400.0,0.0,1.0,1.79,1.9,1.7,1.71,467400.0
2011-06-14,1.91,1.93,1.81,1.83,432300.0,0.0,1.0,1.91,1.93,1.81,1.83,432300.0
2011-06-13,1.9,1.98,1.89,1.89,300800.0,0.0,1.0,1.9,1.98,1.89,1.89,300800.0
2011-06-10,1.9,2.0,1.89,1.9,288000.0,0.0,1.0,1.9,2.0,1.89,1.9,288000.0
2011-06-09,1.81,2.01,1.74,1.94,481100.0,0.0,1.0,1.81,2.01,1.74,1.94,481100.0
2011-06-08,1.83,1.83,1.72,1.79,655000.0,0.0,1.0,1.83,1.83,1.72,1.79,655000.0
2011-06-07,1.9,2.02,1.78,1.83,816200.0,0.0,1.0,1.9,2.02,1.78,1.83,816200.0
2011-06-06,2.13,2.16,1.84,1.87,929900.0,0.0,1.0,2.13,2.16,1.84,1.87,929900.0
2011-06-03,2.13,2.16,2.12,2.13,493200.0,0.0,1.0,2.13,2.16,2.12,2.13,493200.0
2011-06-02,2.15,2.25,2.1,2.19,363600.0,0.0,1.0,2.15,2.25,2.1,2.19,363600.0
2011-06-01,2.28,2.33,2.13,2.16,417200.0,0.0,1.0,2.28,2.33,2.13,2.16,417200.0
2011-05-31,2.37,2.41,2.25,2.29,410300.0,0.0,1.0,2.37,2.41,2.25,2.29,410300.0
2011-05-27,2.46,2.46,2.28,2.33,372400.0,0.0,1.0,2.46,2.46,2.28,2.33,372400.0
2011-05-26,2.35,2.58,2.31,2.45,684100.0,0.0,1.0,2.35,2.58,2.31,2.45,684100.0
2011-05-25,2.77,2.77,2.28,2.38,1486900.0,0.0,1.0,2.77,2.77,2.28,2.38,1486900.0
2011-05-24,2.94,2.94,2.77,2.79,328400.0,0.0,1.0,2.94,2.94,2.77,2.79,328400.0
2011-05-23,2.98,3.0,2.8,2.82,379500.0,0.0,1.0,2.98,3.0,2.8,2.82,379500.0
2011-05-20,2.9,3.04,2.87,3.0,460000.0,0.0,1.0,2.9,3.04,2.87,3.0,460000.0
2011-05-19,2.91,2.92,2.85,2.91,384400.0,0.0,1.0,2.91,2.92,2.85,2.91,384400.0
2011-05-18,2.86,2.93,2.85,2.88,523400.0,0.0,1.0,2.86,2.93,2.85,2.88,523400.0
2011-05-17,2.81,2.94,2.81,2.89,482900.0,0.0,1.0,2.81,2.94,2.81,2.89,482900.0
2011-05-16,2.76,2.98,2.76,2.82,1208300.0,0.0,1.0,2.76,2.98,2.76,2.82,1208300.0
2011-05-13,2.71,2.86,2.71,2.8,644700.0,0.0,1.0,2.71,2.86,2.71,2.8,644700.0
2011-05-12,2.78,2.79,2.71,2.72,710000.0,0.0,1.0,2.78,2.79,2.71,2.72,710000.0
2011-05-11,2.9,2.95,2.78,2.81,390700.0,0.0,1.0,2.9,2.95,2.78,2.81,390700.0
2011-05-10,2.8,2.91,2.72,2.9,483900.0,0.0,1.0,2.8,2.91,2.72,2.9,483900.0
2011-05-09,2.81,2.83,2.68,2.77,409700.0,0.0,1.0,2.81,2.83,2.68,2.77,409700.0
2011-05-06,2.74,2.84,2.69,2.8,490700.0,0.0,1.0,2.74,2.84,2.69,2.8,490700.0
2011-05-05,2.8,2.8,2.65,2.68,465900.0,0.0,1.0,2.8,2.8,2.65,2.68,465900.0
2011-05-04,2.84,2.9,2.71,2.85,678000.0,0.0,1.0,2.84,2.9,2.71,2.85,678000.0
2011-05-03,2.77,2.9,2.59,2.84,975800.0,0.0,1.0,2.77,2.9,2.59,2.84,975800.0
2011-05-02,3.03,3.03,2.76,2.9,1296400.0,0.0,1.0,3.03,3.03,2.76,2.9,1296400.0
2011-04-29,2.96,2.99,2.86,2.91,313000.0,0.0,1.0,2.96,2.99,2.86,2.91,313000.0
2011-04-28,2.91,3.02,2.79,2.9,1200000.0,0.0,1.0,2.91,3.02,2.79,2.9,1200000.0
2011-04-27,2.8,2.97,2.73,2.91,787100.0,0.0,1.0,2.8,2.97,2.73,2.91,787100.0
2011-04-26,2.69,2.82,2.63,2.8,812600.0,0.0,1.0,2.69,2.82,2.63,2.8,812600.0
2011-04-25,2.67,2.7,2.41,2.66,931000.0,0.0,1.0,2.67,2.7,2.41,2.66,931000.0
2011-04-21,2.54,2.7,2.54,2.7,435200.0,0.0,1.0,2.54,2.7,2.54,2.7,435200.0
2011-04-20,2.59,2.73,2.48,2.56,1189400.0,0.0,1.0,2.59,2.73,2.48,2.56,1189400.0
2011-04-19,2.25,2.61,2.24,2.59,1684200.0,0.0,1.0,2.25,2.61,2.24,2.59,1684200.0
2011-04-18,2.18,2.33,2.11,2.25,987200.0,0.0,1.0,2.18,2.33,2.11,2.25,987200.0
2011-04-15,2.11,2.28,2.11,2.28,1666800.0,0.0,1.0,2.11,2.28,2.11,2.28,1666800.0
2011-04-14,2.13,2.19,2.05,2.11,479400.0,0.0,1.0,2.13,2.19,2.05,2.11,479400.0
2011-04-13,2.07,2.14,2.03,2.12,465000.0,0.0,1.0,2.07,2.14,2.03,2.12,465000.0
2011-04-12,2.09,2.09,2.01,2.04,801800.0,0.0,1.0,2.09,2.09,2.01,2.04,801800.0
2011-04-11,2.16,2.2,2.0,2.1,628500.0,0.0,1.0,2.16,2.2,2.0,2.1,628500.0
2011-04-08,2.14,2.2,2.1,2.17,323500.0,0.0,1.0,2.14,2.2,2.1,2.17,323500.0
2011-04-07,2.09,2.2,2.04,2.11,693100.0,0.0,1.0,2.09,2.2,2.04,2.11,693100.0
2011-04-06,2.03,2.1,1.99,2.08,352400.0,0.0,1.0,2.03,2.1,1.99,2.08,352400.0
2011-04-05,1.96,2.04,1.93,1.98,184400.0,0.0,1.0,1.96,2.04,1.93,1.98,184400.0
2011-04-04,2.05,2.06,1.89,1.98,447400.0,0.0,1.0,2.05,2.06,1.89,1.98,447400.0
2011-04-01,2.0,2.22,1.98,2.05,971400.0,0.0,1.0,2.0,2.22,1.98,2.05,971400.0
2011-03-31,1.96,1.97,1.93,1.95,406000.0,0.0,1.0,1.96,1.97,1.93,1.95,406000.0
2011-03-30,1.93,1.95,1.88,1.93,264400.0,0.0,1.0,1.93,1.95,1.88,1.93,264400.0
2011-03-29,1.9,1.91,1.81,1.88,113300.0,0.0,1.0,1.9,1.91,1.81,1.88,113300.0
2011-03-28,1.9,1.94,1.85,1.91,209700.0,0.0,1.0,1.9,1.94,1.85,1.91,209700.0
2011-03-25,1.8,1.92,1.78,1.91,513300.0,0.0,1.0,1.8,1.92,1.78,1.91,513300.0
2011-03-24,1.74,1.84,1.74,1.79,501900.0,0.0,1.0,1.74,1.84,1.74,1.79,501900.0
2011-03-23,1.68,1.77,1.68,1.73,274600.0,0.0,1.0,1.68,1.77,1.68,1.73,274600.0
2011-03-22,1.77,1.78,1.68,1.7,322600.0,0.0,1.0,1.77,1.78,1.68,1.7,322600.0
2011-03-21,1.69,1.77,1.66,1.75,316500.0,0.0,1.0,1.69,1.77,1.66,1.75,316500.0
2011-03-18,1.75,1.76,1.6,1.65,956200.0,0.0,1.0,1.75,1.76,1.6,1.65,956200.0
2011-03-17,1.8,1.81,1.67,1.72,220200.0,0.0,1.0,1.8,1.81,1.67,1.72,220200.0
2011-03-16,1.82,1.93,1.69,1.74,531700.0,0.0,1.0,1.82,1.93,1.69,1.74,531700.0
2011-03-15,1.7,1.84,1.63,1.84,435800.0,0.0,1.0,1.7,1.84,1.63,1.84,435800.0
2011-03-14,1.89,1.89,1.75,1.75,437100.0,0.0,1.0,1.89,1.89,1.75,1.75,437100.0
2011-03-11,1.97,2.0,1.87,1.91,306600.0,0.0,1.0,1.97,2.0,1.87,1.91,306600.0
2011-03-10,2.02,2.02,1.91,1.99,666500.0,0.0,1.0,2.02,2.02,1.91,1.99,666500.0
2011-03-09,1.99,2.04,1.92,2.03,539600.0,0.0,1.0,1.99,2.04,1.92,2.03,539600.0
2011-03-08,2.01,2.06,1.9,2.0,439900.0,0.0,1.0,2.01,2.06,1.9,2.0,439900.0
2011-03-07,2.05,2.1,1.94,1.98,780500.0,0.0,1.0,2.05,2.1,1.94,1.98,780500.0
2011-03-04,1.92,2.05,1.9,2.03,585600.0,0.0,1.0,1.92,2.05,1.9,2.03,585600.0
2011-03-03,2.0,2.14,1.67,1.92,2690400.0,0.0,1.0,2.0,2.14,1.67,1.92,2690400.0
2011-03-02,2.14,2.17,1.99,2.15,632400.0,0.0,1.0,2.14,2.17,1.99,2.15,632400.0
2011-03-01,2.24,2.36,2.12,2.14,947000.0,0.0,1.0,2.24,2.36,2.12,2.14,947000.0
2011-02-28,2.16,2.38,2.1,2.22,1359200.0,0.0,1.0,2.16,2.38,2.1,2.22,1359200.0
2011-02-25,1.9,2.16,1.87,2.15,1187500.0,0.0,1.0,1.9,2.16,1.87,2.15,1187500.0
2011-02-24,1.91,1.99,1.8,1.88,338700.0,0.0,1.0,1.91,1.99,1.8,1.88,338700.0
2011-02-23,1.82,1.94,1.62,1.86,741100.0,0.0,1.0,1.82,1.94,1.62,1.86,741100.0
2011-02-22,1.93,2.04,1.73,1.82,2187100.0,0.0,1.0,1.93,2.04,1.73,1.82,2187100.0
2011-02-18,1.66,1.94,1.58,1.9,1977900.0,0.0,1.0,1.66,1.94,1.58,1.9,1977900.0
2011-02-17,1.49,1.7,1.4,1.59,616500.0,0.0,1.0,1.49,1.7,1.4,1.59,616500.0
2011-02-16,1.51,1.58,1.48,1.49,146300.0,0.0,1.0,1.51,1.58,1.48,1.49,146300.0
2011-02-15,1.48,1.56,1.48,1.51,190800.0,0.0,1.0,1.48,1.56,1.48,1.51,190800.0
2011-02-14,1.54,1.62,1.46,1.48,232900.0,0.0,1.0,1.54,1.62,1.46,1.48,232900.0
2011-02-11,1.58,1.59,1.5,1.54,191700.0,0.0,1.0,1.58,1.59,1.5,1.54,191700.0
2011-02-10,1.53,1.66,1.52,1.55,427300.0,0.0,1.0,1.53,1.66,1.52,1.55,427300.0
2011-02-09,1.61,1.63,1.5,1.53,154500.0,0.0,1.0,1.61,1.63,1.5,1.53,154500.0
2011-02-08,1.52,1.76,1.44,1.6,1327200.0,0.0,1.0,1.52,1.76,1.44,1.6,1327200.0
2011-02-07,1.41,1.51,1.36,1.51,267300.0,0.0,1.0,1.41,1.51,1.36,1.51,267300.0
2011-02-04,1.53,1.53,1.4,1.41,158200.0,0.0,1.0,1.53,1.53,1.4,1.41,158200.0
2011-02-03,1.43,1.6,1.4,1.5,398900.0,0.0,1.0,1.43,1.6,1.4,1.5,398900.0
2011-02-02,1.47,1.47,1.38,1.44,353700.0,0.0,1.0,1.47,1.47,1.38,1.44,353700.0
2011-02-01,1.25,1.53,1.25,1.49,1210400.0,0.0,1.0,1.25,1.53,1.25,1.49,1210400.0
2011-01-31,1.25,1.28,1.23,1.25,257400.0,0.0,1.0,1.25,1.28,1.23,1.25,257400.0
2011-01-28,1.3,1.33,1.24,1.26,381900.0,0.0,1.0,1.3,1.33,1.24,1.26,381900.0
2011-01-27,1.32,1.39,1.3,1.31,184900.0,0.0,1.0,1.32,1.39,1.3,1.31,184900.0
2011-01-26,1.28,1.34,1.23,1.32,86200.0,0.0,1.0,1.28,1.34,1.23,1.32,86200.0
2011-01-25,1.34,1.36,1.22,1.27,344400.0,0.0,1.0,1.34,1.36,1.22,1.27,344400.0
2011-01-24,1.38,1.4,1.32,1.34,245200.0,0.0,1.0,1.38,1.4,1.32,1.34,245200.0
2011-01-21,1.43,1.53,1.37,1.38,236000.0,0.0,1.0,1.43,1.53,1.37,1.38,236000.0
2011-01-20,1.45,1.55,1.37,1.41,322000.0,0.0,1.0,1.45,1.55,1.37,1.41,322000.0
2011-01-19,1.6,1.61,1.42,1.45,767200.0,0.0,1.0,1.6,1.61,1.42,1.45,767200.0
2011-01-18,1.49,1.71,1.48,1.59,844300.0,0.0,1.0,1.49,1.71,1.48,1.59,844300.0
2011-01-14,1.49,1.55,1.42,1.48,303000.0,0.0,1.0,1.49,1.55,1.42,1.48,303000.0
2011-01-13,1.43,1.59,1.36,1.5,702500.0,0.0,1.0,1.43,1.59,1.36,1.5,702500.0
2011-01-12,1.42,1.67,1.31,1.44,1734800.0,0.0,1.0,1.42,1.67,1.31,1.44,1734800.0
2011-01-11,1.17,1.53,1.11,1.46,2650100.0,0.0,1.0,1.17,1.53,1.11,1.46,2650100.0
2011-01-10,1.13,1.17,1.11,1.16,364100.0,0.0,1.0,1.13,1.17,1.11,1.16,364100.0
2011-01-07,1.12,1.14,1.08,1.14,249600.0,0.0,1.0,1.12,1.14,1.08,1.14,249600.0
2011-01-06,1.1,1.12,1.07,1.08,180100.0,0.0,1.0,1.1,1.12,1.07,1.08,180100.0
2011-01-05,1.1,1.11,1.07,1.09,301300.0,0.0,1.0,1.1,1.11,1.07,1.09,301300.0
2011-01-04,1.16,1.25,1.11,1.11,798600.0,0.0,1.0,1.16,1.25,1.11,1.11,798600.0
2011-01-03,1.12,1.19,1.06,1.15,365700.0,0.0,1.0,1.12,1.19,1.06,1.15,365700.0
2010-12-31,1.15,1.16,1.11,1.12,142400.0,0.0,1.0,1.15,1.16,1.11,1.12,142400.0
2010-12-30,1.13,1.18,1.13,1.15,185900.0,0.0,1.0,1.13,1.18,1.13,1.15,185900.0
2010-12-29,1.09,1.15,1.08,1.15,260200.0,0.0,1.0,1.09,1.15,1.08,1.15,260200.0
2010-12-28,1.1,1.1,1.04,1.08,152800.0,0.0,1.0,1.1,1.1,1.04,1.08,152800.0
2010-12-27,1.11,1.12,1.08,1.1,62800.0,0.0,1.0,1.11,1.12,1.08,1.1,62800.0
2010-12-23,1.12,1.2,1.1,1.11,178900.0,0.0,1.0,1.12,1.2,1.1,1.11,178900.0
2010-12-22,1.1,1.11,1.07,1.11,87000.0,0.0,1.0,1.1,1.11,1.07,1.11,87000.0
2010-12-21,1.07,1.1,1.05,1.1,114000.0,0.0,1.0,1.07,1.1,1.05,1.1,114000.0
2010-12-20,1.07,1.15,1.04,1.07,263000.0,0.0,1.0,1.07,1.15,1.04,1.07,263000.0
2010-12-17,1.02,1.07,1.01,1.07,329200.0,0.0,1.0,1.02,1.07,1.01,1.07,329200.0
2010-12-16,1.02,1.05,1.01,1.01,261900.0,0.0,1.0,1.02,1.05,1.01,1.01,261900.0
2010-12-15,1.06,1.07,0.98,1.01,524300.0,0.0,1.0,1.06,1.07,0.98,1.01,524300.0
2010-12-14,1.05,1.08,1.04,1.07,106700.0,0.0,1.0,1.05,1.08,1.04,1.07,106700.0
2010-12-13,1.04,1.09,1.03,1.05,194300.0,0.0,1.0,1.04,1.09,1.03,1.05,194300.0
2010-12-10,1.03,1.09,1.03,1.06,299200.0,0.0,1.0,1.03,1.09,1.03,1.06,299200.0
2010-12-09,1.03,1.04,1.0,1.03,262500.0,0.0,1.0,1.03,1.04,1.0,1.03,262500.0
2010-12-08,1.04,1.04,1.01,1.02,161900.0,0.0,1.0,1.04,1.04,1.01,1.02,161900.0
2010-12-07,1.04,1.12,1.0,1.03,183400.0,0.0,1.0,1.04,1.12,1.0,1.03,183400.0
2010-12-06,1.04,1.05,1.01,1.04,130400.0,0.0,1.0,1.04,1.05,1.01,1.04,130400.0
2010-12-03,0.99,1.03,0.96,1.03,215600.0,0.0,1.0,0.99,1.03,0.96,1.03,215600.0
2010-12-02,1.06,1.06,0.95,1.0,666500.0,0.0,1.0,1.06,1.06,0.95,1.0,666500.0
2010-12-01,1.1,1.11,0.98,1.06,446500.0,0.0,1.0,1.1,1.11,0.98,1.06,446500.0
2010-11-30,1.14,1.15,1.08,1.08,265400.0,0.0,1.0,1.14,1.15,1.08,1.08,265400.0
2010-11-29,1.12,1.21,1.07,1.15,391200.0,0.0,1.0,1.12,1.21,1.07,1.15,391200.0
2010-11-26,1.15,1.16,1.13,1.14,49600.0,0.0,1.0,1.15,1.16,1.13,1.14,49600.0
2010-11-24,1.13,1.18,1.04,1.16,308600.0,0.0,1.0,1.13,1.18,1.04,1.16,308600.0
2010-11-23,1.24,1.24,1.1,1.1,1286700.0,0.0,1.0,1.24,1.24,1.1,1.1,1286700.0
2010-11-22,1.26,1.37,1.24,1.25,466800.0,0.0,1.0,1.26,1.37,1.24,1.25,466800.0
2010-11-19,1.24,1.26,1.2,1.25,200800.0,0.0,1.0,1.24,1.26,1.2,1.25,200800.0
2010-11-18,1.24,1.29,1.23,1.24,243000.0,0.0,1.0,1.24,1.29,1.23,1.24,243000.0
2010-11-17,1.2,1.3,1.2,1.24,287200.0,0.0,1.0,1.2,1.3,1.2,1.24,287200.0
2010-11-16,1.19,1.35,1.18,1.2,1071400.0,0.0,1.0,1.19,1.35,1.18,1.2,1071400.0
2010-11-15,1.1,1.24,1.1,1.21,1319500.0,0.0,1.0,1.1,1.24,1.1,1.21,1319500.0
2010-11-12,1.05,1.08,1.05,1.06,355100.0,0.0,1.0,1.05,1.08,1.05,1.06,355100.0
2010-11-11,1.09,1.11,1.06,1.07,626600.0,0.0,1.0,1.09,1.11,1.06,1.07,626600.0
2010-11-10,1.13,1.13,1.05,1.1,289600.0,0.0,1.0,1.13,1.13,1.05,1.1,289600.0
2010-11-09,1.15,1.22,1.08,1.11,805600.0,0.0,1.0,1.15,1.22,1.08,1.11,805600.0
2010-11-08,0.99,1.18,0.99,1.18,1183500.0,0.0,1.0,0.99,1.18,0.99,1.18,1183500.0
2010-11-05,1.02,1.04,0.97,0.98,662700.0,0.0,1.0,1.02,1.04,0.97,0.98,662700.0
2010-11-04,1.18,1.2,0.93,1.05,994600.0,0.0,1.0,1.18,1.2,0.93,1.05,994600.0
2010-11-03,1.19,1.21,1.12,1.17,252300.0,0.0,1.0,1.19,1.21,1.12,1.17,252300.0
2010-11-02,1.21,1.26,1.13,1.15,324200.0,0.0,1.0,1.21,1.26,1.13,1.15,324200.0
2010-11-01,1.16,1.29,1.15,1.2,547300.0,0.0,1.0,1.16,1.29,1.15,1.2,547300.0
2010-10-29,1.08,1.18,1.05,1.16,440900.0,0.0,1.0,1.08,1.18,1.05,1.16,440900.0
2010-10-28,1.2,1.28,1.08,1.08,1283200.0,0.0,1.0,1.2,1.28,1.08,1.08,1283200.0
2010-10-27,0.93,1.18,0.89,1.12,2082700.0,0.0,1.0,0.93,1.18,0.89,1.12,2082700.0
2010-10-26,0.92,0.94,0.92,0.94,29500.0,0.0,1.0,0.92,0.94,0.92,0.94,29500.0
2010-10-25,0.95,0.95,0.92,0.93,87800.0,0.0,1.0,0.95,0.95,0.92,0.93,87800.0
2010-10-22,0.94,0.95,0.92,0.95,47300.0,0.0,1.0,0.94,0.95,0.92,0.95,47300.0
2010-10-21,0.93,0.96,0.92,0.94,121200.0,0.0,1.0,0.93,0.96,0.92,0.94,121200.0
2010-10-20,0.92,0.94,0.9,0.92,90600.0,0.0,1.0,0.92,0.94,0.9,0.92,90600.0
2010-10-19,0.96,0.97,0.91,0.91,173500.0,0.0,1.0,0.96,0.97,0.91,0.91,173500.0
2010-10-18,0.95,0.97,0.9,0.97,192700.0,0.0,1.0,0.95,0.97,0.9,0.97,192700.0
2010-10-15,0.95,0.97,0.93,0.95,193300.0,0.0,1.0,0.95,0.97,0.93,0.95,193300.0
2010-10-14,0.95,0.97,0.93,0.93,91900.0,0.0,1.0,0.95,0.97,0.93,0.93,91900.0
2010-10-13,0.95,0.97,0.91,0.95,115900.0,0.0,1.0,0.95,0.97,0.91,0.95,115900.0
2010-10-12,0.96,0.99,0.93,0.94,172100.0,0.0,1.0,0.96,0.99,0.93,0.94,172100.0
2010-10-11,0.96,1.0,0.93,0.96,173200.0,0.0,1.0,0.96,1.0,0.93,0.96,173200.0
2010-10-08,0.91,0.97,0.91,0.96,210200.0,0.0,1.0,0.91,0.97,0.91,0.96,210200.0
2010-10-07,0.9,0.91,0.89,0.9,81900.0,0.0,1.0,0.9,0.91,0.89,0.9,81900.0
2010-10-06,0.94,0.97,0.86,0.89,134500.0,0.0,1.0,0.94,0.97,0.86,0.89,134500.0
2010-10-05,0.86,0.94,0.83,0.94,208900.0,0.0,1.0,0.86,0.94,0.83,0.94,208900.0
2010-10-04,0.86,0.87,0.83,0.86,192900.0,0.0,1.0,0.86,0.87,0.83,0.86,192900.0
2010-10-01,0.89,0.89,0.83,0.86,136000.0,0.0,1.0,0.89,0.89,0.83,0.86,136000.0
2010-09-30,0.89,0.9,0.86,0.88,87700.0,0.0,1.0,0.89,0.9,0.86,0.88,87700.0
2010-09-29,0.88,0.89,0.84,0.88,71800.0,0.0,1.0,0.88,0.89,0.84,0.88,71800.0
2010-09-28,0.89,0.89,0.85,0.88,70000.0,0.0,1.0,0.89,0.89,0.85,0.88,70000.0
2010-09-27,0.9,0.91,0.82,0.88,84300.0,0.0,1.0,0.9,0.91,0.82,0.88,84300.0
2010-09-24,0.83,0.92,0.82,0.9,208100.0,0.0,1.0,0.83,0.92,0.82,0.9,208100.0
2010-09-23,0.85,0.85,0.82,0.83,140400.0,0.0,1.0,0.85,0.85,0.82,0.83,140400.0
2010-09-22,0.87,0.89,0.76,0.85,162700.0,0.0,1.0,0.87,0.89,0.76,0.85,162700.0
2010-09-21,0.91,0.92,0.87,0.88,163500.0,0.0,1.0,0.91,0.92,0.87,0.88,163500.0
2010-09-20,0.89,0.93,0.87,0.91,177200.0,0.0,1.0,0.89,0.93,0.87,0.91,177200.0
2010-09-17,0.9,0.92,0.85,0.89,264000.0,0.0,1.0,0.9,0.92,0.85,0.89,264000.0
2010-09-16,0.87,0.9,0.78,0.89,455000.0,0.0,1.0,0.87,0.9,0.78,0.89,455000.0
2010-09-15,0.86,0.92,0.82,0.86,959300.0,0.0,1.0,0.86,0.92,0.82,0.86,959300.0
2010-09-14,1.0,1.0,0.86,0.9,698100.0,0.0,1.0,1.0,1.0,0.86,0.9,698100.0
2010-09-13,0.91,1.04,0.9,0.97,1133200.0,0.0,1.0,0.91,1.04,0.9,0.97,1133200.0
2010-09-10,0.83,0.92,0.82,0.91,649000.0,0.0,1.0,0.83,0.92,0.82,0.91,649000.0
2010-09-09,0.95,0.95,0.8,0.81,876100.0,0.0,1.0,0.95,0.95,0.8,0.81,876100.0
2010-09-08,0.74,0.97,0.72,0.9,1086500.0,0.0,1.0,0.74,0.97,0.72,0.9,1086500.0
2010-09-07,0.73,0.75,0.69,0.73,466900.0,0.0,1.0,0.73,0.75,0.69,0.73,466900.0
2010-09-03,0.74,0.74,0.69,0.73,222100.0,0.0,1.0,0.74,0.74,0.69,0.73,222100.0
2010-09-02,0.7,0.77,0.69,0.71,454400.0,0.0,1.0,0.7,0.77,0.69,0.71,454400.0
2010-09-01,0.7,0.75,0.65,0.7,723100.0,0.0,1.0,0.7,0.75,0.65,0.7,723100.0
2010-08-31,0.57,0.69,0.57,0.66,475500.0,0.0,1.0,0.57,0.69,0.57,0.66,475500.0
2010-08-30,0.57,0.59,0.57,0.57,219200.0,0.0,1.0,0.57,0.59,0.57,0.57,219200.0
2010-08-27,0.58,0.59,0.55,0.58,317900.0,0.0,1.0,0.58,0.59,0.55,0.58,317900.0
2010-08-26,0.58,0.6,0.56,0.57,200100.0,0.0,1.0,0.58,0.6,0.56,0.57,200100.0
2010-08-25,0.58,0.59,0.55,0.59,292400.0,0.0,1.0,0.58,0.59,0.55,0.59,292400.0
2010-08-24,0.6,0.6,0.56,0.58,569000.0,0.0,1.0,0.6,0.6,0.56,0.58,569000.0
2010-08-23,0.63,0.63,0.58,0.58,351000.0,0.0,1.0,0.63,0.63,0.58,0.58,351000.0
2010-08-20,0.66,0.66,0.62,0.62,440800.0,0.0,1.0,0.66,0.66,0.62,0.62,440800.0
2010-08-19,0.65,0.7,0.65,0.66,358500.0,0.0,1.0,0.65,0.7,0.65,0.66,358500.0
2010-08-18,0.69,0.7,0.64,0.65,1150500.0,0.0,1.0,0.69,0.7,0.64,0.65,1150500.0
2010-08-17,0.8,0.81,0.65,0.71,2472200.0,0.0,1.0,0.8,0.81,0.65,0.71,2472200.0
2010-08-16,0.86,0.86,0.79,0.82,419600.0,0.0,1.0,0.86,0.86,0.79,0.82,419600.0
2010-08-13,0.85,0.91,0.81,0.86,320700.0,0.0,1.0,0.85,0.91,0.81,0.86,320700.0
2010-08-12,0.88,0.88,0.84,0.85,333900.0,0.0,1.0,0.88,0.88,0.84,0.85,333900.0
2010-08-11,0.89,0.9,0.83,0.88,419100.0,0.0,1.0,0.89,0.9,0.83,0.88,419100.0
2010-08-10,0.93,0.93,0.87,0.89,363800.0,0.0,1.0,0.93,0.93,0.87,0.89,363800.0
2010-08-09,1.0,1.0,0.91,0.93,266200.0,0.0,1.0,1.0,1.0,0.91,0.93,266200.0
2010-08-06,1.03,1.06,0.97,0.99,303600.0,0.0,1.0,1.03,1.06,0.97,0.99,303600.0
2010-08-05,1.03,1.07,0.95,1.07,378100.0,0.0,1.0,1.03,1.07,0.95,1.07,378100.0
2010-08-04,0.9,1.04,0.89,1.04,683700.0,0.0,1.0,0.9,1.04,0.89,1.04,683700.0
2010-08-03,0.99,0.99,0.87,0.89,1431400.0,0.0,1.0,0.99,0.99,0.87,0.89,1431400.0
2010-08-02,1.1,1.1,0.95,0.96,1209700.0,0.0,1.0,1.1,1.1,0.95,0.96,1209700.0
2010-07-30,1.01,1.12,0.96,1.1,372000.0,0.0,1.0,1.01,1.12,0.96,1.1,372000.0
2010-07-29,1.15,1.15,1.0,1.02,535300.0,0.0,1.0,1.15,1.15,1.0,1.02,535300.0
2010-07-28,1.11,1.28,1.07,1.14,881400.0,0.0,1.0,1.11,1.28,1.07,1.14,881400.0
2010-07-27,0.9,1.25,0.88,1.12,3210700.0,0.0,1.0,0.9,1.25,0.88,1.12,3210700.0
2010-07-26,0.9,0.91,0.87,0.87,343900.0,0.0,1.0,0.9,0.91,0.87,0.87,343900.0
2010-07-23,0.9,0.91,0.84,0.9,409200.0,0.0,1.0,0.9,0.91,0.84,0.9,409200.0
2010-07-22,0.89,0.92,0.87,0.9,536000.0,0.0,1.0,0.89,0.92,0.87,0.9,536000.0
2010-07-21,0.9,0.9,0.85,0.87,571600.0,0.0,1.0,0.9,0.9,0.85,0.87,571600.0
2010-07-20,0.88,0.95,0.85,0.9,1218300.0,0.0,1.0,0.88,0.95,0.85,0.9,1218300.0
2010-07-19,1.09,1.1,0.78,0.89,2256100.0,0.0,1.0,1.09,1.1,0.78,0.89,2256100.0
2010-07-16,1.21,1.21,1.02,1.13,940200.0,0.0,1.0,1.21,1.21,1.02,1.13,940200.0
2010-07-15,1.38,1.38,1.18,1.23,394600.0,0.0,1.0,1.38,1.38,1.18,1.23,394600.0
2010-07-14,1.43,1.53,1.35,1.37,360900.0,0.0,1.0,1.43,1.53,1.35,1.37,360900.0
2010-07-13,1.37,1.48,1.3,1.42,474400.0,0.0,1.0,1.37,1.48,1.3,1.42,474400.0
2010-07-12,1.34,1.39,1.3,1.34,456400.0,0.0,1.0,1.34,1.39,1.3,1.34,456400.0
2010-07-09,1.41,1.45,1.29,1.31,403700.0,0.0,1.0,1.41,1.45,1.29,1.31,403700.0
2010-07-08,1.54,1.54,1.28,1.44,1258800.0,0.0,1.0,1.54,1.54,1.28,1.44,1258800.0
2010-07-07,1.21,1.25,1.11,1.2,1045800.0,0.0,1.0,1.21,1.25,1.11,1.2,1045800.0
2010-07-06,1.28,1.35,1.17,1.22,608600.0,0.0,1.0,1.28,1.35,1.17,1.22,608600.0
2010-07-02,1.26,1.32,1.16,1.27,295000.0,0.0,1.0,1.26,1.32,1.16,1.27,295000.0
2010-07-01,1.29,1.37,1.17,1.24,736600.0,0.0,1.0,1.29,1.37,1.17,1.24,736600.0
2010-06-30,1.3,1.44,1.26,1.28,1195500.0,0.0,1.0,1.3,1.44,1.26,1.28,1195500.0
2010-06-29,1.52,1.57,1.27,1.3,835100.0,0.0,1.0,1.52,1.57,1.27,1.3,835100.0
2010-06-28,1.73,1.84,1.53,1.56,853100.0,0.0,1.0,1.73,1.84,1.53,1.56,853100.0
2010-06-25,1.85,1.95,1.62,1.72,4652000.0,0.0,1.0,1.85,1.95,1.62,1.72,4652000.0
2010-06-24,2.06,2.06,1.86,1.87,1899100.0,0.0,1.0,2.06,2.06,1.86,1.87,1899100.0
2010-06-23,2.31,2.33,2.04,2.08,658600.0,0.0,1.0,2.31,2.33,2.04,2.08,658600.0
2010-06-22,2.34,2.43,2.26,2.31,528100.0,0.0,1.0,2.34,2.43,2.26,2.31,528100.0
2010-06-21,2.43,2.45,2.3,2.35,240800.0,0.0,1.0,2.43,2.45,2.3,2.35,240800.0
2010-06-18,2.54,2.58,2.34,2.44,227400.0,0.0,1.0,2.54,2.58,2.34,2.44,227400.0
2010-06-17,2.79,2.95,2.49,2.54,664200.0,0.0,1.0,2.79,2.95,2.49,2.54,664200.0
2010-06-16,2.77,2.78,2.7,2.77,93400.0,0.0,1.0,2.77,2.78,2.7,2.77,93400.0
2010-06-15,2.83,2.83,2.73,2.73,166700.0,0.0,1.0,2.83,2.83,2.73,2.73,166700.0
2010-06-14,2.89,3.05,2.78,2.83,139500.0,0.0,1.0,2.89,3.05,2.78,2.83,139500.0
2010-06-11,2.7,2.96,2.7,2.85,180600.0,0.0,1.0,2.7,2.96,2.7,2.85,180600.0
2010-06-10,2.9,2.92,2.67,2.7,87500.0,0.0,1.0,2.9,2.92,2.67,2.7,87500.0
2010-06-09,3.0,3.04,2.78,2.79,140100.0,0.0,1.0,3.0,3.04,2.78,2.79,140100.0
2010-06-08,3.46,3.46,2.92,2.95,240400.0,0.0,1.0,3.46,3.46,2.92,2.95,240400.0
2010-06-07,3.85,3.85,3.4,3.41,161100.0,0.0,1.0,3.85,3.85,3.4,3.41,161100.0
2010-06-04,3.81,3.89,3.74,3.86,41100.0,0.0,1.0,3.81,3.89,3.74,3.86,41100.0
2010-06-03,3.96,4.0,3.68,3.9,67000.0,0.0,1.0,3.96,4.0,3.68,3.9,67000.0
2010-06-02,3.87,4.06,3.74,3.99,47600.0,0.0,1.0,3.87,4.06,3.74,3.99,47600.0
2010-06-01,4.07,4.1,3.87,3.87,37600.0,0.0,1.0,4.07,4.1,3.87,3.87,37600.0
2010-05-28,4.15,4.2,4.02,4.15,36700.0,0.0,1.0,4.15,4.2,4.02,4.15,36700.0
2010-05-27,3.99,4.2,3.88,4.19,56500.0,0.0,1.0,3.99,4.2,3.88,4.19,56500.0
2010-05-26,3.86,4.16,3.76,3.84,100200.0,0.0,1.0,3.86,4.16,3.76,3.84,100200.0
2010-05-25,3.91,4.05,3.67,3.8,139800.0,0.0,1.0,3.91,4.05,3.67,3.8,139800.0
2010-05-24,3.98,4.17,3.97,4.0,80600.0,0.0,1.0,3.98,4.17,3.97,4.0,80600.0
2010-05-21,3.97,4.25,3.72,3.96,93900.0,0.0,1.0,3.97,4.25,3.72,3.96,93900.0
2010-05-20,4.35,4.35,3.99,4.07,126700.0,0.0,1.0,4.35,4.35,3.99,4.07,126700.0
2010-05-19,4.51,4.66,4.36,4.45,127400.0,0.0,1.0,4.51,4.66,4.36,4.45,127400.0
2010-05-18,4.77,4.83,4.42,4.57,395400.0,0.0,1.0,4.77,4.83,4.42,4.57,395400.0
2010-05-17,4.93,4.98,4.55,4.77,176600.0,0.0,1.0,4.93,4.98,4.55,4.77,176600.0
2010-05-14,4.98,4.98,4.79,4.9,144700.0,0.0,1.0,4.98,4.98,4.79,4.9,144700.0
2010-05-13,5.0,5.04,4.92,4.98,95000.0,0.0,1.0,5.0,5.04,4.92,4.98,95000.0
2010-05-12,4.87,5.1,4.86,4.97,127200.0,0.0,1.0,4.87,5.1,4.86,4.97,127200.0
2010-05-11,4.51,4.92,4.35,4.85,99700.0,0.0,1.0,4.51,4.92,4.35,4.85,99700.0
2010-05-10,4.53,4.95,4.5,4.5,202100.0,0.0,1.0,4.53,4.95,4.5,4.5,202100.0
2010-05-07,4.83,5.01,4.4,4.44,481100.0,0.0,1.0,4.83,5.01,4.4,4.44,481100.0
2010-05-06,5.2,5.33,4.26,4.78,807500.0,0.0,1.0,5.2,5.33,4.26,4.78,807500.0
2010-05-05,5.25,5.4,5.21,5.27,93400.0,0.0,1.0,5.25,5.4,5.21,5.27,93400.0
2010-05-04,5.25,5.39,5.14,5.28,117300.0,0.0,1.0,5.25,5.39,5.14,5.28,117300.0
2010-05-03,5.04,5.44,5.02,5.37,132600.0,0.0,1.0,5.04,5.44,5.02,5.37,132600.0
2010-04-30,5.21,5.24,5.01,5.04,71900.0,0.0,1.0,5.21,5.24,5.01,5.04,71900.0
2010-04-29,5.01,5.24,5.01,5.17,192800.0,0.0,1.0,5.01,5.24,5.01,5.17,192800.0
2010-04-28,5.06,5.15,4.95,4.99,176000.0,0.0,1.0,5.06,5.15,4.95,4.99,176000.0
2010-04-27,4.96,5.21,4.95,5.05,316000.0,0.0,1.0,4.96,5.21,4.95,5.05,316000.0
2010-04-26,4.96,5.08,4.81,4.97,281700.0,0.0,1.0,4.96,5.08,4.81,4.97,281700.0
2010-04-23,4.98,5.0,4.9,4.95,194200.0,0.0,1.0,4.98,5.0,4.9,4.95,194200.0
2010-04-22,4.7,5.0,4.51,4.95,298000.0,0.0,1.0,4.7,5.0,4.51,4.95,298000.0
2010-04-21,4.73,4.76,4.55,4.73,94900.0,0.0,1.0,4.73,4.76,4.55,4.73,94900.0
2010-04-20,4.82,4.82,4.61,4.75,132700.0,0.0,1.0,4.82,4.82,4.61,4.75,132700.0
2010-04-19,4.79,4.88,4.65,4.79,280300.0,0.0,1.0,4.79,4.88,4.65,4.79,280300.0
2010-04-16,4.57,4.83,4.38,4.8,386000.0,0.0,1.0,4.57,4.83,4.38,4.8,386000.0
2010-04-15,4.27,4.7,3.97,4.63,810200.0,0.0,1.0,4.27,4.7,3.97,4.63,810200.0
2010-04-14,3.86,4.25,3.8,4.25,470500.0,0.0,1.0,3.86,4.25,3.8,4.25,470500.0
2010-04-13,3.55,3.88,3.51,3.85,310800.0,0.0,1.0,3.55,3.88,3.51,3.85,310800.0
2010-04-12,3.76,3.76,3.53,3.59,127400.0,0.0,1.0,3.76,3.76,3.53,3.59,127400.0
2010-04-09,3.45,3.74,3.45,3.73,281400.0,0.0,1.0,3.45,3.74,3.45,3.73,281400.0
2010-04-08,3.24,3.48,3.19,3.46,171600.0,0.0,1.0,3.24,3.48,3.19,3.46,171600.0
2010-04-07,3.17,3.26,3.08,3.24,65000.0,0.0,1.0,3.17,3.26,3.08,3.24,65000.0
2010-04-06,3.22,3.27,3.21,3.21,7900.0,0.0,1.0,3.22,3.27,3.21,3.21,7900.0
2010-04-05,3.05,3.32,2.95,3.27,158100.0,0.0,1.0,3.05,3.32,2.95,3.27,158100.0
2010-04-01,3.02,3.11,3.0,3.07,108900.0,0.0,1.0,3.02,3.11,3.0,3.07,108900.0
2010-03-31,2.88,3.21,2.83,3.05,276000.0,0.0,1.0,2.88,3.21,2.83,3.05,276000.0
2010-03-30,3.04,3.2,2.99,3.09,170600.0,0.0,1.0,3.04,3.2,2.99,3.09,170600.0
2010-03-29,3.06,3.12,3.06,3.07,46200.0,0.0,1.0,3.06,3.12,3.06,3.07,46200.0
2010-03-26,3.03,3.08,2.95,3.05,48000.0,0.0,1.0,3.03,3.08,2.95,3.05,48000.0
2010-03-25,3.09,3.14,2.98,3.03,75200.0,0.0,1.0,3.09,3.14,2.98,3.03,75200.0
2010-03-24,2.99,3.14,2.97,3.07,30400.0,0.0,1.0,2.99,3.14,2.97,3.07,30400.0
2010-03-23,3.05,3.07,2.99,3.04,101900.0,0.0,1.0,3.05,3.07,2.99,3.04,101900.0
2010-03-22,2.87,3.05,2.86,3.01,233900.0,0.0,1.0,2.87,3.05,2.86,3.01,233900.0
2010-03-19,3.28,3.28,2.8,2.91,573700.0,0.0,1.0,3.28,3.28,2.8,2.91,573700.0
2010-03-18,3.29,3.33,3.23,3.3,77600.0,0.0,1.0,3.29,3.33,3.23,3.3,77600.0
2010-03-17,3.23,3.32,3.17,3.32,99800.0,0.0,1.0,3.23,3.32,3.17,3.32,99800.0
2010-03-16,3.16,3.29,3.13,3.21,60900.0,0.0,1.0,3.16,3.29,3.13,3.21,60900.0
2010-03-15,3.14,3.22,3.14,3.17,48200.0,0.0,1.0,3.14,3.22,3.14,3.17,48200.0
2010-03-12,3.14,3.17,3.11,3.17,69900.0,0.0,1.0,3.14,3.17,3.11,3.17,69900.0
2010-03-11,3.03,3.2,3.03,3.14,166000.0,0.0,1.0,3.03,3.2,3.03,3.14,166000.0
2010-03-10,3.05,3.09,3.01,3.06,89600.0,0.0,1.0,3.05,3.09,3.01,3.06,89600.0
2010-03-09,3.18,3.22,3.05,3.05,82000.0,0.0,1.0,3.18,3.22,3.05,3.05,82000.0
2010-03-08,3.31,3.31,3.13,3.22,123000.0,0.0,1.0,3.31,3.31,3.13,3.22,123000.0
2010-03-05,3.28,3.33,3.23,3.27,111800.0,0.0,1.0,3.28,3.33,3.23,3.27,111800.0
2010-03-04,3.2,3.34,3.2,3.28,177100.0,0.0,1.0,3.2,3.34,3.2,3.28,177100.0
2010-03-03,3.2,3.28,3.2,3.23,143500.0,0.0,1.0,3.2,3.28,3.2,3.23,143500.0
2010-03-02,3.09,3.22,3.06,3.22,298300.0,0.0,1.0,3.09,3.22,3.06,3.22,298300.0
2010-03-01,3.0,3.11,2.94,3.07,514700.0,0.0,1.0,3.0,3.11,2.94,3.07,514700.0
2010-02-26,2.91,2.99,2.91,2.99,99100.0,0.0,1.0,2.91,2.99,2.91,2.99,99100.0
2010-02-25,2.87,3.0,2.75,2.94,290100.0,0.0,1.0,2.87,3.0,2.75,2.94,290100.0
2010-02-24,3.13,3.13,2.87,2.9,1425500.0,0.0,1.0,3.13,3.13,2.87,2.9,1425500.0
2010-02-23,3.26,3.26,3.02,3.1,768500.0,0.0,1.0,3.26,3.26,3.02,3.1,768500.0
2010-02-22,3.33,3.33,3.25,3.28,68400.0,0.0,1.0,3.33,3.33,3.25,3.28,68400.0
2010-02-19,3.3,3.3,3.26,3.29,64500.0,0.0,1.0,3.3,3.3,3.26,3.29,64500.0
2010-02-18,3.31,3.31,3.26,3.3,103900.0,0.0,1.0,3.31,3.31,3.26,3.3,103900.0
2010-02-17,3.4,3.43,3.25,3.3,88700.0,0.0,1.0,3.4,3.43,3.25,3.3,88700.0
2010-02-16,3.44,3.55,3.31,3.4,121300.0,0.0,1.0,3.44,3.55,3.31,3.4,121300.0
2010-02-12,3.37,3.51,3.36,3.4,66100.0,0.0,1.0,3.37,3.51,3.36,3.4,66100.0
2010-02-11,3.5,3.54,3.43,3.45,54200.0,0.0,1.0,3.5,3.54,3.43,3.45,54200.0
2010-02-10,3.42,3.49,3.37,3.49,61000.0,0.0,1.0,3.42,3.49,3.37,3.49,61000.0
2010-02-09,3.37,3.54,3.34,3.35,93200.0,0.0,1.0,3.37,3.54,3.34,3.35,93200.0
2010-02-08,3.19,3.39,3.03,3.34,77900.0,0.0,1.0,3.19,3.39,3.03,3.34,77900.0
2010-02-05,3.17,3.28,3.08,3.17,244400.0,0.0,1.0,3.17,3.28,3.08,3.17,244400.0
2010-02-04,3.28,3.32,3.16,3.18,62500.0,0.0,1.0,3.28,3.32,3.16,3.18,62500.0
2010-02-03,3.27,3.36,3.2,3.31,25200.0,0.0,1.0,3.27,3.36,3.2,3.31,25200.0
2010-02-02,3.35,3.39,3.23,3.27,119100.0,0.0,1.0,3.35,3.39,3.23,3.27,119100.0
2010-02-01,3.22,3.33,3.2,3.28,19700.0,0.0,1.0,3.22,3.33,3.2,3.28,19700.0
2010-01-29,3.19,3.35,3.15,3.21,92000.0,0.0,1.0,3.19,3.35,3.15,3.21,92000.0
2010-01-28,3.22,3.23,3.15,3.18,84800.0,0.0,1.0,3.22,3.23,3.15,3.18,84800.0
2010-01-27,3.37,3.38,3.11,3.23,124500.0,0.0,1.0,3.37,3.38,3.11,3.23,124500.0
2010-01-26,3.45,3.55,3.35,3.38,35600.0,0.0,1.0,3.45,3.55,3.35,3.38,35600.0
2010-01-25,3.49,3.5,3.09,3.49,99200.0,0.0,1.0,3.49,3.5,3.09,3.49,99200.0
2010-01-22,3.3,3.48,3.21,3.43,117000.0,0.0,1.0,3.3,3.48,3.21,3.43,117000.0
2010-01-21,3.61,3.67,3.33,3.53,93500.0,0.0,1.0,3.61,3.67,3.33,3.53,93500.0
2010-01-20,3.67,3.69,3.45,3.58,71300.0,0.0,1.0,3.67,3.69,3.45,3.58,71300.0
2010-01-19,3.61,3.78,3.59,3.75,247600.0,0.0,1.0,3.61,3.78,3.59,3.75,247600.0
2010-01-15,3.41,3.6,3.4,3.58,196200.0,0.0,1.0,3.41,3.6,3.4,3.58,196200.0
2010-01-14,3.36,3.44,3.31,3.39,99900.0,0.0,1.0,3.36,3.44,3.31,3.39,99900.0
2010-01-13,3.29,3.39,3.15,3.36,92800.0,0.0,1.0,3.29,3.39,3.15,3.36,92800.0
2010-01-12,3.31,3.35,3.24,3.33,61000.0,0.0,1.0,3.31,3.35,3.24,3.33,61000.0
2010-01-11,3.35,3.42,3.32,3.35,80200.0,0.0,1.0,3.35,3.42,3.32,3.35,80200.0
2010-01-08,3.28,3.4,3.2,3.37,85100.0,0.0,1.0,3.28,3.4,3.2,3.37,85100.0
2010-01-07,3.24,3.39,3.2,3.29,169400.0,0.0,1.0,3.24,3.39,3.2,3.29,169400.0
2010-01-06,3.17,3.32,3.1,3.3,139100.0,0.0,1.0,3.17,3.32,3.1,3.3,139100.0
2010-01-05,2.95,3.17,2.92,3.17,134400.0,0.0,1.0,2.95,3.17,2.92,3.17,134400.0
2010-01-04,2.92,2.97,2.85,2.96,154900.0,0.0,1.0,2.92,2.97,2.85,2.96,154900.0
2009-12-31,2.98,3.04,2.89,2.91,58000.0,0.0,1.0,2.98,3.04,2.89,2.91,58000.0
2009-12-30,2.98,3.0,2.86,2.94,103300.0,0.0,1.0,2.98,3.0,2.86,2.94,103300.0
2009-12-29,2.99,3.07,2.83,3.05,113100.0,0.0,1.0,2.99,3.07,2.83,3.05,113100.0
2009-12-28,3.25,3.26,2.86,2.99,239300.0,0.0,1.0,3.25,3.26,2.86,2.99,239300.0
2009-12-24,3.33,3.33,3.23,3.28,34300.0,0.0,1.0,3.33,3.33,3.23,3.28,34300.0
2009-12-23,3.35,3.35,3.15,3.33,78600.0,0.0,1.0,3.35,3.35,3.15,3.33,78600.0
2009-12-22,3.26,3.43,3.26,3.32,160000.0,0.0,1.0,3.26,3.43,3.26,3.32,160000.0
2009-12-21,3.31,3.41,3.02,3.29,395200.0,0.0,1.0,3.31,3.41,3.02,3.29,395200.0
2009-12-18,3.22,3.34,3.22,3.32,266700.0,0.0,1.0,3.22,3.34,3.22,3.32,266700.0
2009-12-17,3.03,3.29,3.03,3.2,366900.0,0.0,1.0,3.03,3.29,3.03,3.2,366900.0
2009-12-16,2.88,3.25,2.82,3.1,732300.0,0.0,1.0,2.88,3.25,2.82,3.1,732300.0
2009-12-15,2.8,2.86,2.8,2.83,211700.0,0.0,1.0,2.8,2.86,2.8,2.83,211700.0
2009-12-14,2.7,2.83,2.62,2.77,448900.0,0.0,1.0,2.7,2.83,2.62,2.77,448900.0
2009-12-11,2.58,2.68,2.52,2.68,188800.0,0.0,1.0,2.58,2.68,2.52,2.68,188800.0
2009-12-10,2.52,2.58,2.4,2.51,696000.0,0.0,1.0,2.52,2.58,2.4,2.51,696000.0
2009-12-09,2.47,2.52,2.36,2.52,105700.0,0.0,1.0,2.47,2.52,2.36,2.52,105700.0
2009-12-08,2.41,2.49,2.27,2.45,197700.0,0.0,1.0,2.41,2.49,2.27,2.45,197700.0
2009-12-07,2.45,2.5,2.37,2.44,131200.0,0.0,1.0,2.45,2.5,2.37,2.44,131200.0
2009-12-04,2.39,2.45,2.33,2.41,79000.0,0.0,1.0,2.39,2.45,2.33,2.41,79000.0
2009-12-03,2.42,2.44,2.33,2.38,37100.0,0.0,1.0,2.42,2.44,2.33,2.38,37100.0
2009-12-02,2.37,2.43,2.34,2.38,150100.0,0.0,1.0,2.37,2.43,2.34,2.38,150100.0
2009-12-01,2.21,2.39,2.21,2.32,97600.0,0.0,1.0,2.21,2.39,2.21,2.32,97600.0
2009-11-30,2.14,2.22,2.13,2.2,234300.0,0.0,1.0,2.14,2.22,2.13,2.2,234300.0
2009-11-27,2.15,2.26,2.0,2.19,82300.0,0.0,1.0,2.15,2.26,2.0,2.19,82300.0
2009-11-25,2.26,2.26,2.17,2.22,24700.0,0.0,1.0,2.26,2.26,2.17,2.22,24700.0
2009-11-24,2.21,2.25,2.13,2.25,92900.0,0.0,1.0,2.21,2.25,2.13,2.25,92900.0
2009-11-23,2.31,2.36,2.22,2.22,74500.0,0.0,1.0,2.31,2.36,2.22,2.22,74500.0
2009-11-20,2.25,2.31,2.13,2.3,51000.0,0.0,1.0,2.25,2.31,2.13,2.3,51000.0
2009-11-19,2.3,2.3,2.1,2.25,140100.0,0.0,1.0,2.3,2.3,2.1,2.25,140100.0
2009-11-18,2.39,2.39,2.22,2.25,77700.0,0.0,1.0,2.39,2.39,2.22,2.25,77700.0
2009-11-17,2.18,2.45,2.16,2.35,213100.0,0.0,1.0,2.18,2.45,2.16,2.35,213100.0
2009-11-16,2.18,2.21,2.06,2.15,223600.0,0.0,1.0,2.18,2.21,2.06,2.15,223600.0
2009-11-13,2.21,2.26,2.06,2.13,364500.0,0.0,1.0,2.21,2.26,2.06,2.13,364500.0
2009-11-12,2.35,2.45,2.22,2.24,177500.0,0.0,1.0,2.35,2.45,2.22,2.24,177500.0
2009-11-11,2.44,2.45,2.11,2.35,1592700.0,0.0,1.0,2.44,2.45,2.11,2.35,1592700.0
2009-11-10,2.5,2.89,2.31,2.39,1323600.0,0.0,1.0,2.5,2.89,2.31,2.39,1323600.0
2009-11-09,2.18,2.5,2.18,2.49,683200.0,0.0,1.0,2.18,2.5,2.18,2.49,683200.0
2009-11-06,2.15,2.37,2.04,2.14,424800.0,0.0,1.0,2.15,2.37,2.04,2.14,424800.0
2009-11-05,1.96,2.19,1.93,2.19,462400.0,0.0,1.0,1.96,2.19,1.93,2.19,462400.0
2009-11-04,1.84,1.95,1.84,1.91,396800.0,0.0,1.0,1.84,1.95,1.84,1.91,396800.0
2009-11-03,1.87,1.97,1.78,1.82,588600.0,0.0,1.0,1.87,1.97,1.78,1.82,588600.0
2009-11-02,1.77,2.0,1.77,1.89,477800.0,0.0,1.0,1.77,2.0,1.77,1.89,477800.0
2009-10-30,1.79,1.9,1.75,1.77,282500.0,0.0,1.0,1.79,1.9,1.75,1.77,282500.0
2009-10-29,1.79,2.14,1.65,1.83,1152300.0,0.0,1.0,1.79,2.14,1.65,1.83,1152300.0
2009-10-28,1.5,1.52,1.38,1.44,158900.0,0.0,1.0,1.5,1.52,1.38,1.44,158900.0
2009-10-27,1.52,1.6,1.44,1.5,127800.0,0.0,1.0,1.52,1.6,1.44,1.5,127800.0
2009-10-26,1.6,1.65,1.5,1.54,121900.0,0.0,1.0,1.6,1.65,1.5,1.54,121900.0
2009-10-23,1.56,1.64,1.53,1.55,210500.0,0.0,1.0,1.56,1.64,1.53,1.55,210500.0
2009-10-22,1.53,1.61,1.43,1.59,132600.0,0.0,1.0,1.53,1.61,1.43,1.59,132600.0
2009-10-21,1.68,1.73,1.5,1.57,207100.0,0.0,1.0,1.68,1.73,1.5,1.57,207100.0
2009-10-20,1.7,1.74,1.56,1.69,197300.0,0.0,1.0,1.7,1.74,1.56,1.69,197300.0
2009-10-19,1.71,1.71,1.54,1.71,319800.0,0.0,1.0,1.71,1.71,1.54,1.71,319800.0
2009-10-16,1.63,1.75,1.45,1.66,475600.0,0.0,1.0,1.63,1.75,1.45,1.66,475600.0
2009-10-15,1.45,1.8,1.36,1.66,1223800.0,0.0,1.0,1.45,1.8,1.36,1.66,1223800.0
2009-10-14,1.34,1.56,1.31,1.5,2069300.0,0.0,1.0,1.34,1.56,1.31,1.5,2069300.0
2009-10-13,1.27,1.39,1.27,1.31,358100.0,0.0,1.0,1.27,1.39,1.27,1.31,358100.0
2009-10-12,1.31,1.32,1.22,1.26,77500.0,0.0,1.0,1.31,1.32,1.22,1.26,77500.0
2009-10-09,1.44,1.44,1.16,1.26,300900.0,0.0,1.0,1.44,1.44,1.16,1.26,300900.0
2009-10-08,1.46,1.47,1.22,1.28,362500.0,0.0,1.0,1.46,1.47,1.22,1.28,362500.0
2009-10-07,1.47,1.47,1.34,1.44,375200.0,0.0,1.0,1.47,1.47,1.34,1.44,375200.0
2009-10-06,1.63,1.64,1.36,1.47,2153900.0,0.0,1.0,1.63,1.64,1.36,1.47,2153900.0
2009-10-05,1.1,1.63,1.06,1.6,2606500.0,0.0,1.0,1.1,1.63,1.06,1.6,2606500.0
2009-10-02,1.03,1.13,1.03,1.09,599800.0,0.0,1.0,1.03,1.13,1.03,1.09,599800.0
2009-10-01,1.0,1.09,0.99,1.08,485100.0,0.0,1.0,1.0,1.09,0.99,1.08,485100.0
2009-09-30,0.93,1.04,0.9,0.98,281300.0,0.0,1.0,0.93,1.04,0.9,0.98,281300.0
2009-09-29,0.86,0.94,0.86,0.93,101100.0,0.0,1.0,0.86,0.94,0.86,0.93,101100.0
2009-09-28,0.84,0.92,0.82,0.86,206700.0,0.0,1.0,0.84,0.92,0.82,0.86,206700.0
2009-09-25,0.81,0.85,0.81,0.85,99900.0,0.0,1.0,0.81,0.85,0.81,0.85,99900.0
2009-09-24,0.83,0.87,0.73,0.8,86200.0,0.0,1.0,0.83,0.87,0.73,0.8,86200.0
2009-09-23,0.81,0.87,0.8,0.85,68200.0,0.0,1.0,0.81,0.87,0.8,0.85,68200.0
2009-09-22,0.81,0.84,0.78,0.78,14900.0,0.0,1.0,0.81,0.84,0.78,0.78,14900.0
2009-09-21,0.8,0.84,0.77,0.83,58400.0,0.0,1.0,0.8,0.84,0.77,0.83,58400.0
2009-09-18,0.76,0.81,0.75,0.78,105400.0,0.0,1.0,0.76,0.81,0.75,0.78,105400.0
2009-09-17,0.81,0.84,0.76,0.76,55100.0,0.0,1.0,0.81,0.84,0.76,0.76,55100.0
2009-09-16,0.84,0.87,0.83,0.83,104400.0,0.0,1.0,0.84,0.87,0.83,0.83,104400.0
2009-09-15,0.77,0.85,0.75,0.84,449200.0,0.0,1.0,0.77,0.85,0.75,0.84,449200.0
2009-09-14,0.8,0.8,0.74,0.76,93700.0,0.0,1.0,0.8,0.8,0.74,0.76,93700.0
2009-09-11,0.62,0.79,0.62,0.79,1775400.0,0.0,1.0,0.62,0.79,0.62,0.79,1775400.0
2009-09-10,0.63,0.66,0.62,0.62,149300.0,0.0,1.0,0.63,0.66,0.62,0.62,149300.0
2009-09-09,0.62,0.65,0.61,0.63,427000.0,0.0,1.0,0.62,0.65,0.61,0.63,427000.0
2009-09-08,0.65,0.65,0.62,0.64,131900.0,0.0,1.0,0.65,0.65,0.62,0.64,131900.0
2009-09-04,0.64,0.66,0.63,0.64,228400.0,0.0,1.0,0.64,0.66,0.63,0.64,228400.0
2009-09-03,0.67,0.68,0.6,0.6,75600.0,0.0,1.0,0.67,0.68,0.6,0.6,75600.0
2009-09-02,0.65,0.68,0.65,0.67,53700.0,0.0,1.0,0.65,0.68,0.65,0.67,53700.0
2009-09-01,0.73,0.74,0.62,0.64,140900.0,0.0,1.0,0.73,0.74,0.62,0.64,140900.0
2009-08-31,0.72,0.76,0.66,0.73,380300.0,0.0,1.0,0.72,0.76,0.66,0.73,380300.0
2009-08-28,0.71,0.74,0.69,0.74,143700.0,0.0,1.0,0.71,0.74,0.69,0.74,143700.0
2009-08-27,0.75,0.76,0.71,0.72,124600.0,0.0,1.0,0.75,0.76,0.71,0.72,124600.0
2009-08-26,0.77,0.77,0.73,0.73,177800.0,0.0,1.0,0.77,0.77,0.73,0.73,177800.0
2009-08-25,0.73,0.81,0.73,0.81,81000.0,0.0,1.0,0.73,0.81,0.73,0.81,81000.0
2009-08-24,0.76,0.79,0.71,0.73,95500.0,0.0,1.0,0.76,0.79,0.71,0.73,95500.0
2009-08-21,0.81,0.81,0.75,0.75,95400.0,0.0,1.0,0.81,0.81,0.75,0.75,95400.0
2009-08-20,0.81,0.87,0.75,0.81,110400.0,0.0,1.0,0.81,0.87,0.75,0.81,110400.0
2009-08-19,0.82,0.85,0.78,0.8,46200.0,0.0,1.0,0.82,0.85,0.78,0.8,46200.0
2009-08-18,0.96,0.98,0.83,0.83,166700.0,0.0,1.0,0.96,0.98,0.83,0.83,166700.0
2009-08-17,0.82,0.95,0.79,0.89,193500.0,0.0,1.0,0.82,0.95,0.79,0.89,193500.0
2009-08-14,0.64,0.84,0.64,0.8,322500.0,0.0,1.0,0.64,0.84,0.64,0.8,322500.0
2009-08-13,0.65,0.67,0.64,0.64,91500.0,0.0,1.0,0.65,0.67,0.64,0.64,91500.0
2009-08-12,0.64,0.74,0.62,0.68,206300.0,0.0,1.0,0.64,0.74,0.62,0.68,206300.0
2009-08-11,0.78,0.78,0.69,0.69,177000.0,0.0,1.0,0.78,0.78,0.69,0.69,177000.0
2009-08-10,0.52,0.88,0.52,0.68,209200.0,0.0,1.0,0.52,0.88,0.52,0.68,209200.0
2009-08-07,0.55,0.56,0.49,0.5,772000.0,0.0,1.0,0.55,0.56,0.49,0.5,772000.0
2009-08-06,0.47,0.6,0.4,0.56,540400.0,0.0,1.0,0.47,0.6,0.4,0.56,540400.0
2009-08-05,0.36,0.38,0.36,0.37,319000.0,0.0,1.0,0.36,0.38,0.36,0.37,319000.0
2009-08-04,0.3,0.37,0.3,0.36,59700.0,0.0,1.0,0.3,0.37,0.3,0.36,59700.0
2009-08-03,0.29,0.37,0.29,0.33,17400.0,0.0,1.0,0.29,0.37,0.29,0.33,17400.0
2009-07-31,0.33,0.35,0.33,0.35,34700.0,0.0,1.0,0.33,0.35,0.33,0.35,34700.0
2009-07-30,0.33,0.35,0.31,0.33,98400.0,0.0,1.0,0.33,0.35,0.31,0.33,98400.0
2009-07-29,0.32,0.34,0.31,0.33,5000.0,0.0,1.0,0.32,0.34,0.31,0.33,5000.0
2009-07-28,0.34,0.34,0.32,0.32,37700.0,0.0,1.0,0.34,0.34,0.32,0.32,37700.0
2009-07-27,0.3,0.35,0.3,0.34,71500.0,0.0,1.0,0.3,0.35,0.3,0.34,71500.0
2009-07-24,0.28,0.34,0.28,0.29,15000.0,0.0,1.0,0.28,0.34,0.28,0.29,15000.0
2009-07-23,0.31,0.33,0.31,0.33,34500.0,0.0,1.0,0.31,0.33,0.31,0.33,34500.0
2009-07-22,0.27,0.33,0.27,0.31,4800.0,0.0,1.0,0.27,0.33,0.27,0.31,4800.0
2009-07-21,0.28,0.32,0.28,0.3,23600.0,0.0,1.0,0.28,0.32,0.28,0.3,23600.0
2009-07-20,0.31,0.31,0.27,0.3,39100.0,0.0,1.0,0.31,0.31,0.27,0.3,39100.0
2009-07-17,0.33,0.33,0.31,0.31,35300.0,0.0,1.0,0.33,0.33,0.31,0.31,35300.0
2009-07-16,0.32,0.33,0.32,0.33,8700.0,0.0,1.0,0.32,0.33,0.32,0.33,8700.0
2009-07-15,0.34,0.35,0.32,0.32,12600.0,0.0,1.0,0.34,0.35,0.32,0.32,12600.0
2009-07-14,0.31,0.37,0.31,0.36,1535800.0,0.0,1.0,0.31,0.37,0.31,0.36,1535800.0
2009-07-13,0.3,0.37,0.3,0.3,90900.0,0.0,1.0,0.3,0.37,0.3,0.3,90900.0
2009-07-10,0.31,0.33,0.29,0.33,60300.0,0.0,1.0,0.31,0.33,0.29,0.33,60300.0
2009-07-09,0.31,0.33,0.3,0.31,46700.0,0.0,1.0,0.31,0.33,0.3,0.31,46700.0
2009-07-08,0.31,0.34,0.26,0.33,186800.0,0.0,1.0,0.31,0.34,0.26,0.33,186800.0
2009-07-07,0.26,0.3,0.26,0.3,70400.0,0.0,1.0,0.26,0.3,0.26,0.3,70400.0
2009-07-06,0.28,0.29,0.25,0.26,24300.0,0.0,1.0,0.28,0.29,0.25,0.26,24300.0
2009-07-02,0.29,0.29,0.24,0.28,18000.0,0.0,1.0,0.29,0.29,0.24,0.28,18000.0
2009-07-01,0.28,0.29,0.26,0.29,21600.0,0.0,1.0,0.28,0.29,0.26,0.29,21600.0
2009-06-30,0.28,0.29,0.24,0.25,23800.0,0.0,1.0,0.28,0.29,0.24,0.25,23800.0
2009-06-29,0.23,0.29,0.23,0.28,51200.0,0.0,1.0,0.23,0.29,0.23,0.28,51200.0
2009-06-26,0.35,0.35,0.2,0.22,433200.0,0.0,1.0,0.35,0.35,0.2,0.22,433200.0
2009-06-25,0.31,0.36,0.31,0.36,4500.0,0.0,1.0,0.31,0.36,0.31,0.36,4500.0
2009-06-24,0.32,0.34,0.3,0.31,15000.0,0.0,1.0,0.32,0.34,0.3,0.31,15000.0
2009-06-23,0.3,0.33,0.3,0.32,15700.0,0.0,1.0,0.3,0.33,0.3,0.32,15700.0
2009-06-22,0.35,0.38,0.3,0.3,65800.0,0.0,1.0,0.35,0.38,0.3,0.3,65800.0
2009-06-19,0.34,0.38,0.33,0.35,24000.0,0.0,1.0,0.34,0.38,0.33,0.35,24000.0
2009-06-18,0.37,0.38,0.33,0.33,4000.0,0.0,1.0,0.37,0.38,0.33,0.33,4000.0
2009-06-17,0.32,0.37,0.31,0.37,42400.0,0.0,1.0,0.32,0.37,0.31,0.37,42400.0
2009-06-16,0.33,0.38,0.31,0.38,54700.0,0.0,1.0,0.33,0.38,0.31,0.38,54700.0
2009-06-15,0.35,0.38,0.31,0.33,46400.0,0.0,1.0,0.35,0.38,0.31,0.33,46400.0
2009-06-12,0.35,0.38,0.35,0.35,2300.0,0.0,1.0,0.35,0.38,0.35,0.35,2300.0
2009-06-11,0.35,0.38,0.34,0.38,90600.0,0.0,1.0,0.35,0.38,0.34,0.38,90600.0
2009-06-10,0.35,0.35,0.32,0.35,134600.0,0.0,1.0,0.35,0.35,0.32,0.35,134600.0
2009-06-09,0.37,0.38,0.35,0.35,26200.0,0.0,1.0,0.37,0.38,0.35,0.35,26200.0
2009-06-08,0.38,0.38,0.37,0.37,13000.0,0.0,1.0,0.38,0.38,0.37,0.37,13000.0
2009-06-05,0.37,0.4,0.35,0.38,14300.0,0.0,1.0,0.37,0.4,0.35,0.38,14300.0
2009-06-04,0.35,0.39,0.35,0.36,8600.0,0.0,1.0,0.35,0.39,0.35,0.36,8600.0
2009-06-03,0.37,0.4,0.37,0.39,22300.0,0.0,1.0,0.37,0.4,0.37,0.39,22300.0
2009-06-02,0.37,0.39,0.36,0.36,15700.0,0.0,1.0,0.37,0.39,0.36,0.36,15700.0
2009-06-01,0.41,0.41,0.36,0.4,70100.0,0.0,1.0,0.41,0.41,0.36,0.4,70100.0
2009-05-29,0.4,0.41,0.32,0.32,12900.0,0.0,1.0,0.4,0.41,0.32,0.32,12900.0
2009-05-28,0.37,0.41,0.36,0.4,27500.0,0.0,1.0,0.37,0.41,0.36,0.4,27500.0
2009-05-27,0.4,0.41,0.33,0.37,29300.0,0.0,1.0,0.4,0.41,0.33,0.37,29300.0
2009-05-26,0.37,0.41,0.36,0.41,23600.0,0.0,1.0,0.37,0.41,0.36,0.41,23600.0
2009-05-22,0.35,0.41,0.35,0.4,19700.0,0.0,1.0,0.35,0.41,0.35,0.4,19700.0
2009-05-21,0.39,0.4,0.34,0.35,16500.0,0.0,1.0,0.39,0.4,0.34,0.35,16500.0
2009-05-20,0.39,0.4,0.39,0.39,8800.0,0.0,1.0,0.39,0.4,0.39,0.39,8800.0
2009-05-19,0.33,0.4,0.33,0.39,29400.0,0.0,1.0,0.33,0.4,0.33,0.39,29400.0
2009-05-18,0.4,0.4,0.24,0.32,126100.0,0.0,1.0,0.4,0.4,0.24,0.32,126100.0
2009-05-15,0.43,0.43,0.36,0.37,85900.0,0.0,1.0,0.43,0.43,0.36,0.37,85900.0
2009-05-14,0.41,0.44,0.41,0.43,10000.0,0.0,1.0,0.41,0.44,0.41,0.43,10000.0
2009-05-13,0.39,0.46,0.39,0.4,1451500.0,0.0,1.0,0.39,0.46,0.39,0.4,1451500.0
2009-05-12,0.43,0.47,0.41,0.41,40100.0,0.0,1.0,0.43,0.47,0.41,0.41,40100.0
2009-05-11,0.38,0.48,0.38,0.44,39600.0,0.0,1.0,0.38,0.48,0.38,0.44,39600.0
2009-05-08,0.44,0.48,0.37,0.37,86800.0,0.0,1.0,0.44,0.48,0.37,0.37,86800.0
2009-05-07,0.44,0.47,0.44,0.44,1200.0,0.0,1.0,0.44,0.47,0.44,0.44,1200.0
2009-05-06,0.45,0.49,0.45,0.49,21200.0,0.0,1.0,0.45,0.49,0.45,0.49,21200.0
2009-05-05,0.44,0.48,0.44,0.44,62100.0,0.0,1.0,0.44,0.48,0.44,0.44,62100.0
2009-05-04,0.45,0.48,0.45,0.46,7500.0,0.0,1.0,0.45,0.48,0.45,0.46,7500.0
2009-05-01,0.45,0.48,0.45,0.47,19900.0,0.0,1.0,0.45,0.48,0.45,0.47,19900.0
2009-04-30,0.48,0.48,0.45,0.45,7200.0,0.0,1.0,0.48,0.48,0.45,0.45,7200.0
2009-04-29,0.45,0.48,0.45,0.48,10700.0,0.0,1.0,0.45,0.48,0.45,0.48,10700.0
2009-04-28,0.5,0.51,0.45,0.45,8400.0,0.0,1.0,0.5,0.51,0.45,0.45,8400.0
2009-04-27,0.47,0.52,0.46,0.52,30000.0,0.0,1.0,0.47,0.52,0.46,0.52,30000.0
2009-04-24,0.51,0.51,0.45,0.45,55100.0,0.0,1.0,0.51,0.51,0.45,0.45,55100.0
2009-04-23,0.51,0.52,0.48,0.51,20300.0,0.0,1.0,0.51,0.52,0.48,0.51,20300.0
2009-04-22,0.5,0.51,0.46,0.51,71000.0,0.0,1.0,0.5,0.51,0.46,0.51,71000.0
2009-04-21,0.46,0.5,0.46,0.5,10400.0,0.0,1.0,0.46,0.5,0.46,0.5,10400.0
2009-04-20,0.47,0.5,0.45,0.45,2587800.0,0.0,1.0,0.47,0.5,0.45,0.45,2587800.0
2009-04-17,0.47,0.5,0.46,0.5,184900.0,0.0,1.0,0.47,0.5,0.46,0.5,184900.0
2009-04-16,0.47,0.5,0.46,0.47,113700.0,0.0,1.0,0.47,0.5,0.46,0.47,113700.0
2009-04-15,0.45,0.5,0.45,0.5,76200.0,0.0,1.0,0.45,0.5,0.45,0.5,76200.0
2009-04-14,0.46,0.51,0.44,0.44,169900.0,0.0,1.0,0.46,0.51,0.44,0.44,169900.0
2009-04-13,0.49,0.5,0.46,0.49,272500.0,0.0,1.0,0.49,0.5,0.46,0.49,272500.0
2009-04-09,0.49,0.5,0.45,0.45,73400.0,0.0,1.0,0.49,0.5,0.45,0.45,73400.0
2009-04-08,0.49,0.51,0.49,0.49,151800.0,0.0,1.0,0.49,0.51,0.49,0.49,151800.0
2009-04-07,0.5,0.51,0.47,0.49,128600.0,0.0,1.0,0.5,0.51,0.47,0.49,128600.0
2009-04-06,0.5,0.5,0.44,0.5,137600.0,0.0,1.0,0.5,0.5,0.44,0.5,137600.0
2009-04-03,0.5,0.52,0.48,0.5,641300.0,0.0,1.0,0.5,0.52,0.48,0.5,641300.0
2009-04-02,0.49,0.51,0.46,0.5,111500.0,0.0,1.0,0.49,0.51,0.46,0.5,111500.0
2009-04-01,0.45,0.49,0.44,0.49,90400.0,0.0,1.0,0.45,0.49,0.44,0.49,90400.0
2009-03-31,0.42,0.45,0.37,0.45,416500.0,0.0,1.0,0.42,0.45,0.37,0.45,416500.0
2009-03-30,0.41,0.43,0.37,0.42,146100.0,0.0,1.0,0.41,0.43,0.37,0.42,146100.0
2009-03-27,0.42,0.43,0.38,0.41,92500.0,0.0,1.0,0.42,0.43,0.38,0.41,92500.0
2009-03-26,0.43,0.44,0.4,0.42,160000.0,0.0,1.0,0.43,0.44,0.4,0.42,160000.0
2009-03-25,0.4,0.43,0.38,0.43,126900.0,0.0,1.0,0.4,0.43,0.38,0.43,126900.0
2009-03-24,0.41,0.42,0.36,0.4,145700.0,0.0,1.0,0.41,0.42,0.36,0.4,145700.0
2009-03-23,0.41,0.43,0.36,0.36,1709900.0,0.0,1.0,0.41,0.43,0.36,0.36,1709900.0
2009-03-20,0.41,0.41,0.35,0.41,415900.0,0.0,1.0,0.41,0.41,0.35,0.41,415900.0
2009-03-19,0.41,0.41,0.36,0.4,539200.0,0.0,1.0,0.41,0.41,0.36,0.4,539200.0
2009-03-18,0.39,0.4,0.36,0.36,92400.0,0.0,1.0,0.39,0.4,0.36,0.36,92400.0
2009-03-17,0.39,0.41,0.32,0.4,157400.0,0.0,1.0,0.39,0.41,0.32,0.4,157400.0
2009-03-16,0.41,0.46,0.37,0.37,2363300.0,0.0,1.0,0.41,0.46,0.37,0.37,2363300.0
2009-03-13,0.4,0.44,0.33,0.44,639000.0,0.0,1.0,0.4,0.44,0.33,0.44,639000.0
2009-03-12,0.39,0.43,0.38,0.4,186700.0,0.0,1.0,0.39,0.43,0.38,0.4,186700.0
2009-03-11,0.39,0.39,0.35,0.39,1363200.0,0.0,1.0,0.39,0.39,0.35,0.39,1363200.0
2009-03-10,0.35,0.4,0.33,0.34,157000.0,0.0,1.0,0.35,0.4,0.33,0.34,157000.0
2009-03-09,0.39,0.4,0.35,0.35,89200.0,0.0,1.0,0.39,0.4,0.35,0.35,89200.0
2009-03-06,0.4,0.42,0.36,0.41,81700.0,0.0,1.0,0.4,0.42,0.36,0.41,81700.0
2009-03-05,0.44,0.44,0.34,0.39,88900.0,0.0,1.0,0.44,0.44,0.34,0.39,88900.0
2009-03-04,0.4,0.45,0.32,0.44,1442400.0,0.0,1.0,0.4,0.45,0.32,0.44,1442400.0
2009-03-03,0.33,0.39,0.27,0.34,147400.0,0.0,1.0,0.33,0.39,0.27,0.34,147400.0
2009-03-02,0.4,0.4,0.21,0.33,154500.0,0.0,1.0,0.4,0.4,0.21,0.33,154500.0
2009-02-27,0.3,0.36,0.3,0.35,394600.0,0.0,1.0,0.3,0.36,0.3,0.35,394600.0
2009-02-26,0.33,0.33,0.27,0.3,372900.0,0.0,1.0,0.33,0.33,0.27,0.3,372900.0
2009-02-25,0.35,0.35,0.22,0.22,61900.0,0.0,1.0,0.35,0.35,0.22,0.22,61900.0
2009-02-24,0.4,0.43,0.29,0.35,1033200.0,0.0,1.0,0.4,0.43,0.29,0.35,1033200.0
2009-02-23,0.3,0.36,0.3,0.36,434000.0,0.0,1.0,0.3,0.36,0.3,0.36,434000.0
2009-02-20,0.22,0.34,0.22,0.3,81900.0,0.0,1.0,0.22,0.34,0.22,0.3,81900.0
2009-02-19,0.17,0.24,0.17,0.22,132500.0,0.0,1.0,0.17,0.24,0.17,0.22,132500.0
2009-02-18,0.21,0.23,0.17,0.19,124000.0,0.0,1.0,0.21,0.23,0.17,0.19,124000.0
2009-02-17,0.25,0.27,0.18,0.21,97200.0,0.0,1.0,0.25,0.27,0.18,0.21,97200.0
2009-02-13,0.32,0.32,0.21,0.26,43400.0,0.0,1.0,0.32,0.32,0.21,0.26,43400.0
2009-02-12,0.28,0.32,0.28,0.28,20300.0,0.0,1.0,0.28,0.32,0.28,0.28,20300.0
2009-02-11,0.29,0.33,0.28,0.28,31700.0,0.0,1.0,0.29,0.33,0.28,0.28,31700.0
2009-02-10,0.33,0.33,0.27,0.29,48600.0,0.0,1.0,0.33,0.33,0.27,0.29,48600.0
2009-02-09,0.35,0.35,0.29,0.33,36700.0,0.0,1.0,0.35,0.35,0.29,0.33,36700.0
2009-02-06,0.34,0.36,0.29,0.3,176800.0,0.0,1.0,0.34,0.36,0.29,0.3,176800.0
2009-02-05,0.3,0.35,0.29,0.29,128000.0,0.0,1.0,0.3,0.35,0.29,0.29,128000.0
2009-02-04,0.35,0.37,0.33,0.35,64600.0,0.0,1.0,0.35,0.37,0.33,0.35,64600.0
2009-02-03,0.34,0.38,0.29,0.35,60800.0,0.0,1.0,0.34,0.38,0.29,0.35,60800.0
2009-02-02,0.34,0.39,0.33,0.34,62600.0,0.0,1.0,0.34,0.39,0.33,0.34,62600.0
2009-01-30,0.35,0.39,0.33,0.34,30800.0,0.0,1.0,0.35,0.39,0.33,0.34,30800.0
2009-01-29,0.35,0.37,0.33,0.35,82100.0,0.0,1.0,0.35,0.37,0.33,0.35,82100.0
2009-01-28,0.37,0.39,0.34,0.35,47300.0,0.0,1.0,0.37,0.39,0.34,0.35,47300.0
2009-01-27,0.34,0.38,0.34,0.34,32500.0,0.0,1.0,0.34,0.38,0.34,0.34,32500.0
2009-01-26,0.33,0.39,0.33,0.37,76600.0,0.0,1.0,0.33,0.39,0.33,0.37,76600.0
2009-01-23,0.4,0.4,0.35,0.35,64100.0,0.0,1.0,0.4,0.4,0.35,0.35,64100.0
2009-01-22,0.38,0.42,0.35,0.4,232900.0,0.0,1.0,0.38,0.42,0.35,0.4,232900.0
2009-01-21,0.33,0.43,0.33,0.38,68900.0,0.0,1.0,0.33,0.43,0.33,0.38,68900.0
2009-01-20,0.33,0.42,0.33,0.33,43600.0,0.0,1.0,0.33,0.42,0.33,0.33,43600.0
2009-01-16,0.28,0.39,0.28,0.39,34800.0,0.0,1.0,0.28,0.39,0.28,0.39,34800.0
2009-01-15,0.33,0.39,0.26,0.28,111000.0,0.0,1.0,0.33,0.39,0.26,0.28,111000.0
2009-01-14,0.39,0.46,0.32,0.33,494200.0,0.0,1.0,0.39,0.46,0.32,0.33,494200.0
2009-01-13,0.41,0.41,0.37,0.39,66200.0,0.0,1.0,0.41,0.41,0.37,0.39,66200.0
2009-01-12,0.49,0.49,0.29,0.41,109100.0,0.0,1.0,0.49,0.49,0.29,0.41,109100.0
2009-01-09,0.48,0.49,0.31,0.47,171000.0,0.0,1.0,0.48,0.49,0.31,0.47,171000.0
2009-01-08,0.41,0.66,0.41,0.48,6227300.0,0.0,1.0,0.41,0.66,0.41,0.48,6227300.0
2009-01-07,0.4,0.47,0.37,0.43,418100.0,0.0,1.0,0.4,0.47,0.37,0.43,418100.0
2009-01-06,0.35,0.44,0.32,0.4,473300.0,0.0,1.0,0.35,0.44,0.32,0.4,473300.0
2009-01-05,0.27,0.36,0.27,0.32,190400.0,0.0,1.0,0.27,0.36,0.27,0.32,190400.0
2009-01-02,0.22,0.3,0.22,0.3,267600.0,0.0,1.0,0.22,0.3,0.22,0.3,267600.0
2008-12-31,0.21,0.24,0.21,0.22,183500.0,0.0,1.0,0.21,0.24,0.21,0.22,183500.0
2008-12-30,0.24,0.26,0.21,0.22,206100.0,0.0,1.0,0.24,0.26,0.21,0.22,206100.0
2008-12-29,0.23,0.26,0.23,0.24,94600.0,0.0,1.0,0.23,0.26,0.23,0.24,94600.0
2008-12-26,0.24,0.27,0.21,0.26,100600.0,0.0,1.0,0.24,0.27,0.21,0.26,100600.0
2008-12-24,0.19,0.28,0.19,0.21,345200.0,0.0,1.0,0.19,0.28,0.19,0.21,345200.0
2008-12-23,0.22,0.23,0.18,0.23,175900.0,0.0,1.0,0.22,0.23,0.18,0.23,175900.0
2008-12-22,0.2,0.21,0.17,0.2,620900.0,0.0,1.0,0.2,0.21,0.17,0.2,620900.0
2008-12-19,0.27,0.29,0.15,0.15,821300.0,0.0,1.0,0.27,0.29,0.15,0.15,821300.0
2008-12-18,0.21,0.25,0.2,0.25,249300.0,0.0,1.0,0.21,0.25,0.2,0.25,249300.0
2008-12-17,0.2,0.22,0.2,0.21,486200.0,0.0,1.0,0.2,0.22,0.2,0.21,486200.0
2008-12-16,0.18,0.22,0.18,0.22,220500.0,0.0,1.0,0.18,0.22,0.18,0.22,220500.0
2008-12-15,0.16,0.21,0.16,0.19,219400.0,0.0,1.0,0.16,0.21,0.16,0.19,219400.0
2008-12-12,0.21,0.23,0.15,0.18,848500.0,0.0,1.0,0.21,0.23,0.15,0.18,848500.0
2008-12-11,0.26,0.26,0.2,0.21,1407300.0,0.0,1.0,0.26,0.26,0.2,0.21,1407300.0
2008-12-10,0.24,0.26,0.2,0.22,716100.0,0.0,1.0,0.24,0.26,0.2,0.22,716100.0
2008-12-09,0.26,0.27,0.22,0.23,351900.0,0.0,1.0,0.26,0.27,0.22,0.23,351900.0
2008-12-08,0.24,0.29,0.24,0.25,334800.0,0.0,1.0,0.24,0.29,0.24,0.25,334800.0
2008-12-05,0.22,0.29,0.21,0.22,347800.0,0.0,1.0,0.22,0.29,0.21,0.22,347800.0
2008-12-04,0.23,0.28,0.19,0.23,591700.0,0.0,1.0,0.23,0.28,0.19,0.23,591700.0
2008-12-03,0.3,0.31,0.23,0.26,523500.0,0.0,1.0,0.3,0.31,0.23,0.26,523500.0
2008-12-02,0.3,0.3,0.27,0.28,194900.0,0.0,1.0,0.3,0.3,0.27,0.28,194900.0
2008-12-01,0.28,0.31,0.27,0.3,359000.0,0.0,1.0,0.28,0.31,0.27,0.3,359000.0
2008-11-28,0.24,0.3,0.24,0.27,378300.0,0.0,1.0,0.24,0.3,0.24,0.27,378300.0
2008-11-26,0.23,0.27,0.22,0.24,483200.0,0.0,1.0,0.23,0.27,0.22,0.24,483200.0
2008-11-25,0.22,0.25,0.21,0.21,559300.0,0.0,1.0,0.22,0.25,0.21,0.21,559300.0
2008-11-24,0.26,0.26,0.21,0.25,1756200.0,0.0,1.0,0.26,0.26,0.21,0.25,1756200.0
2008-11-21,0.26,0.26,0.2,0.21,1662100.0,0.0,1.0,0.26,0.26,0.2,0.21,1662100.0
2008-11-20,0.21,0.26,0.19,0.26,624900.0,0.0,1.0,0.21,0.26,0.19,0.26,624900.0
2008-11-19,0.17,0.22,0.15,0.2,837900.0,0.0,1.0,0.17,0.22,0.15,0.2,837900.0
2008-11-18,0.16,0.19,0.15,0.18,709200.0,0.0,1.0,0.16,0.19,0.15,0.18,709200.0
2008-11-17,0.18,0.18,0.14,0.15,617400.0,0.0,1.0,0.18,0.18,0.14,0.15,617400.0
2008-11-14,0.16,0.17,0.13,0.13,567400.0,0.0,1.0,0.16,0.17,0.13,0.13,567400.0
2008-11-13,0.12,0.16,0.12,0.16,1029800.0,0.0,1.0,0.12,0.16,0.12,0.16,1029800.0
2008-11-12,0.13,0.14,0.1,0.13,496400.0,0.0,1.0,0.13,0.14,0.1,0.13,496400.0
2008-11-11,0.1,0.14,0.08,0.13,3147100.0,0.0,1.0,0.1,0.14,0.08,0.13,3147100.0
2008-11-10,0.09,0.12,0.08,0.09,528400.0,0.0,1.0,0.09,0.12,0.08,0.09,528400.0
2008-11-07,0.09,0.11,0.08,0.1,366800.0,0.0,1.0,0.09,0.11,0.08,0.1,366800.0
2008-11-06,0.14,0.14,0.07,0.08,2183300.0,0.0,1.0,0.14,0.14,0.07,0.08,2183300.0
2008-11-05,0.12,0.2,0.11,0.13,1184600.0,0.0,1.0,0.12,0.2,0.11,0.13,1184600.0
2008-11-04,0.11,0.12,0.09,0.12,764800.0,0.0,1.0,0.11,0.12,0.09,0.12,764800.0
2008-11-03,0.09,0.11,0.08,0.1,788500.0,0.0,1.0,0.09,0.11,0.08,0.1,788500.0
2008-10-31,0.08,0.08,0.07,0.08,2170200.0,0.0,1.0,0.08,0.08,0.07,0.08,2170200.0
2008-10-30,0.08,0.12,0.07,0.07,1419400.0,0.0,1.0,0.08,0.12,0.07,0.07,1419400.0
2008-10-29,0.08,0.09,0.06,0.08,1381100.0,0.0,1.0,0.08,0.09,0.06,0.08,1381100.0
2008-10-28,0.09,0.09,0.06,0.08,955700.0,0.0,1.0,0.09,0.09,0.06,0.08,955700.0
2008-10-27,0.13,0.13,0.07,0.08,1213200.0,0.0,1.0,0.13,0.13,0.07,0.08,1213200.0
2008-10-24,0.13,0.13,0.09,0.09,559300.0,0.0,1.0,0.13,0.13,0.09,0.09,559300.0
2008-10-23,0.15,0.15,0.11,0.11,1036500.0,0.0,1.0,0.15,0.15,0.11,0.11,1036500.0
2008-10-22,0.13,0.16,0.11,0.13,1180200.0,0.0,1.0,0.13,0.16,0.11,0.13,1180200.0
2008-10-21,0.19,0.19,0.09,0.09,6723800.0,0.0,1.0,0.19,0.19,0.09,0.09,6723800.0
2008-10-20,0.22,0.25,0.17,0.19,366300.0,0.0,1.0,0.22,0.25,0.17,0.19,366300.0
2008-10-17,0.34,0.34,0.19,0.21,835400.0,0.0,1.0,0.34,0.34,0.19,0.21,835400.0
2008-10-16,0.25,0.26,0.17,0.22,646900.0,0.0,1.0,0.25,0.26,0.17,0.22,646900.0
2008-10-15,0.35,0.35,0.22,0.22,413800.0,0.0,1.0,0.35,0.35,0.22,0.22,413800.0
2008-10-14,0.35,0.38,0.28,0.28,312100.0,0.0,1.0,0.35,0.38,0.28,0.28,312100.0
2008-10-13,0.45,0.45,0.33,0.36,262700.0,0.0,1.0,0.45,0.45,0.33,0.36,262700.0
2008-10-10,0.39,0.42,0.3,0.3,88300.0,0.0,1.0,0.39,0.42,0.3,0.3,88300.0
2008-10-09,0.56,0.57,0.39,0.39,92900.0,0.0,1.0,0.56,0.57,0.39,0.39,92900.0
2008-10-08,0.63,0.63,0.56,0.56,89000.0,0.0,1.0,0.63,0.63,0.56,0.56,89000.0
2008-10-07,0.65,0.74,0.61,0.69,73400.0,0.0,1.0,0.65,0.74,0.61,0.69,73400.0
2008-10-06,0.82,0.84,0.62,0.62,92500.0,0.0,1.0,0.82,0.84,0.62,0.62,92500.0
2008-10-03,0.85,0.85,0.81,0.83,135500.0,0.0,1.0,0.85,0.85,0.81,0.83,135500.0
2008-10-02,0.89,0.89,0.82,0.85,438000.0,0.0,1.0,0.89,0.89,0.82,0.85,438000.0
2008-10-01,0.76,0.91,0.7,0.82,383700.0,0.0,1.0,0.76,0.91,0.7,0.82,383700.0
2008-09-30,0.76,0.89,0.74,0.75,206900.0,0.0,1.0,0.76,0.89,0.74,0.75,206900.0
2008-09-29,0.79,0.82,0.72,0.75,182600.0,0.0,1.0,0.79,0.82,0.72,0.75,182600.0
2008-09-26,0.88,0.89,0.79,0.82,54400.0,0.0,1.0,0.88,0.89,0.79,0.82,54400.0
2008-09-25,0.73,0.89,0.71,0.89,218700.0,0.0,1.0,0.73,0.89,0.71,0.89,218700.0
2008-09-24,0.7,0.75,0.69,0.72,838500.0,0.0,1.0,0.7,0.75,0.69,0.72,838500.0
2008-09-23,0.68,0.75,0.65,0.7,632200.0,0.0,1.0,0.68,0.75,0.65,0.7,632200.0
2008-09-22,0.68,0.75,0.54,0.68,499400.0,0.0,1.0,0.68,0.75,0.54,0.68,499400.0
2008-09-19,0.44,0.6,0.44,0.52,651400.0,0.0,1.0,0.44,0.6,0.44,0.52,651400.0
2008-09-18,0.57,0.84,0.5,0.51,1184000.0,0.0,1.0,0.57,0.84,0.5,0.51,1184000.0
2008-09-17,0.62,0.64,0.5,0.57,889600.0,0.0,1.0,0.62,0.64,0.5,0.57,889600.0
2008-09-16,0.75,0.77,0.45,0.62,1125800.0,0.0,1.0,0.75,0.77,0.45,0.62,1125800.0
2008-09-15,0.86,0.91,0.71,0.74,190100.0,0.0,1.0,0.86,0.91,0.71,0.74,190100.0
2008-09-12,0.91,0.94,0.72,0.92,393700.0,0.0,1.0,0.91,0.94,0.72,0.92,393700.0
2008-09-11,0.92,0.96,0.88,0.91,278300.0,0.0,1.0,0.92,0.96,0.88,0.91,278300.0
2008-09-10,0.95,1.0,0.92,0.96,783000.0,0.0,1.0,0.95,1.0,0.92,0.96,783000.0
2008-09-09,0.93,1.03,0.88,0.98,262700.0,0.0,1.0,0.93,1.03,0.88,0.98,262700.0
2008-09-08,0.97,1.01,0.93,0.99,273700.0,0.0,1.0,0.97,1.01,0.93,0.99,273700.0
2008-09-05,0.96,1.02,0.95,0.95,159400.0,0.0,1.0,0.96,1.02,0.95,0.95,159400.0
2008-09-04,1.02,1.04,0.92,0.97,280000.0,0.0,1.0,1.02,1.04,0.92,0.97,280000.0
2008-09-03,1.0,1.07,0.96,1.03,207400.0,0.0,1.0,1.0,1.07,0.96,1.03,207400.0
2008-09-02,1.05,1.09,0.96,0.99,210700.0,0.0,1.0,1.05,1.09,0.96,0.99,210700.0
2008-08-29,0.86,1.05,0.65,1.05,306400.0,0.0,1.0,0.86,1.05,0.65,1.05,306400.0
2008-08-28,0.97,1.02,0.86,0.86,1100500.0,0.0,1.0,0.97,1.02,0.86,0.86,1100500.0
2008-08-27,0.97,1.0,0.91,0.98,176700.0,0.0,1.0,0.97,1.0,0.91,0.98,176700.0
2008-08-26,0.88,0.99,0.85,0.98,148000.0,0.0,1.0,0.88,0.99,0.85,0.98,148000.0
2008-08-25,0.92,0.94,0.85,0.88,305000.0,0.0,1.0,0.92,0.94,0.85,0.88,305000.0
2008-08-22,0.97,1.0,0.92,0.94,122500.0,0.0,1.0,0.97,1.0,0.92,0.94,122500.0
2008-08-21,0.96,1.0,0.94,0.97,1483500.0,0.0,1.0,0.96,1.0,0.94,0.97,1483500.0
2008-08-20,0.95,1.01,0.9,0.99,320300.0,0.0,1.0,0.95,1.01,0.9,0.99,320300.0
2008-08-19,1.0,1.03,0.96,0.99,161900.0,0.0,1.0,1.0,1.03,0.96,0.99,161900.0
2008-08-18,0.99,1.01,0.9,0.99,304000.0,0.0,1.0,0.99,1.01,0.9,0.99,304000.0
2008-08-15,1.0,1.02,0.92,0.97,210200.0,0.0,1.0,1.0,1.02,0.92,0.97,210200.0
2008-08-14,0.81,0.93,0.81,0.93,617300.0,0.0,1.0,0.81,0.93,0.81,0.93,617300.0
2008-08-13,0.83,0.88,0.77,0.77,498900.0,0.0,1.0,0.83,0.88,0.77,0.77,498900.0
2008-08-12,0.85,0.87,0.8,0.84,239800.0,0.0,1.0,0.85,0.87,0.8,0.84,239800.0
2008-08-11,0.91,0.92,0.84,0.86,240600.0,0.0,1.0,0.91,0.92,0.84,0.86,240600.0
2008-08-08,0.91,0.92,0.85,0.92,673400.0,0.0,1.0,0.91,0.92,0.85,0.92,673400.0
2008-08-07,0.87,0.95,0.87,0.91,206900.0,0.0,1.0,0.87,0.95,0.87,0.91,206900.0
2008-08-06,1.02,1.03,0.8,0.87,1173700.0,0.0,1.0,1.02,1.03,0.8,0.87,1173700.0
2008-08-05,1.0,1.05,0.94,1.03,204200.0,0.0,1.0,1.0,1.05,0.94,1.03,204200.0
2008-08-04,0.93,0.99,0.93,0.99,166300.0,0.0,1.0,0.93,0.99,0.93,0.99,166300.0
2008-08-01,0.99,1.0,0.93,0.93,113900.0,0.0,1.0,0.99,1.0,0.93,0.93,113900.0
2008-07-31,1.03,1.05,0.88,0.99,451200.0,0.0,1.0,1.03,1.05,0.88,0.99,451200.0
2008-07-30,1.0,1.09,0.98,1.06,166200.0,0.0,1.0,1.0,1.09,0.98,1.06,166200.0
2008-07-29,1.01,1.04,0.94,1.03,126200.0,0.0,1.0,1.01,1.04,0.94,1.03,126200.0
2008-07-28,0.97,1.0,0.93,1.0,64800.0,0.0,1.0,0.97,1.0,0.93,1.0,64800.0
2008-07-25,0.94,1.0,0.92,0.98,142400.0,0.0,1.0,0.94,1.0,0.92,0.98,142400.0
2008-07-24,1.02,1.07,0.92,0.92,197600.0,0.0,1.0,1.02,1.07,0.92,0.92,197600.0
2008-07-23,0.98,1.01,0.96,1.0,237100.0,0.0,1.0,0.98,1.01,0.96,1.0,237100.0
2008-07-22,0.9,0.99,0.9,0.91,301100.0,0.0,1.0,0.9,0.99,0.9,0.91,301100.0
2008-07-21,0.92,1.0,0.92,0.93,86200.0,0.0,1.0,0.92,1.0,0.92,0.93,86200.0
2008-07-18,0.97,1.05,0.9,0.92,201000.0,0.0,1.0,0.97,1.05,0.9,0.92,201000.0
2008-07-17,0.97,1.02,0.92,0.96,275800.0,0.0,1.0,0.97,1.02,0.92,0.96,275800.0
2008-07-16,0.94,1.0,0.94,0.97,205200.0,0.0,1.0,0.94,1.0,0.94,0.97,205200.0
2008-07-15,0.98,1.01,0.92,0.94,831900.0,0.0,1.0,0.98,1.01,0.92,0.94,831900.0
2008-07-14,0.98,1.05,0.87,0.98,231700.0,0.0,1.0,0.98,1.05,0.87,0.98,231700.0
2008-07-11,0.98,1.03,0.88,0.99,304300.0,0.0,1.0,0.98,1.03,0.88,0.99,304300.0
2008-07-10,1.0,1.03,0.95,0.98,148800.0,0.0,1.0,1.0,1.03,0.95,0.98,148800.0
2008-07-09,1.11,1.12,0.99,1.02,448900.0,0.0,1.0,1.11,1.12,0.99,1.02,448900.0
2008-07-08,1.13,1.24,1.03,1.1,629100.0,0.0,1.0,1.13,1.24,1.03,1.1,629100.0
2008-07-07,1.24,1.25,1.1,1.15,186000.0,0.0,1.0,1.24,1.25,1.1,1.15,186000.0
2008-07-03,1.3,1.32,1.24,1.24,223500.0,0.0,1.0,1.3,1.32,1.24,1.24,223500.0
2008-07-02,1.29,1.36,1.25,1.31,239300.0,0.0,1.0,1.29,1.36,1.25,1.31,239300.0
2008-07-01,1.31,1.39,1.27,1.31,451900.0,0.0,1.0,1.31,1.39,1.27,1.31,451900.0
2008-06-30,1.3,1.37,1.27,1.29,874900.0,0.0,1.0,1.3,1.37,1.27,1.29,874900.0
2008-06-27,1.41,1.53,1.25,1.3,9634000.0,0.0,1.0,1.41,1.53,1.25,1.3,9634000.0
2008-06-26,1.39,1.44,1.36,1.42,487100.0,0.0,1.0,1.39,1.44,1.36,1.42,487100.0
2008-06-25,1.49,1.6,1.37,1.41,349800.0,0.0,1.0,1.49,1.6,1.37,1.41,349800.0
2008-06-24,1.46,1.53,1.46,1.49,294700.0,0.0,1.0,1.46,1.53,1.46,1.49,294700.0
2008-06-23,1.64,1.64,1.5,1.51,397600.0,0.0,1.0,1.64,1.64,1.5,1.51,397600.0
2008-06-20,1.39,1.75,1.32,1.62,1534500.0,0.0,1.0,1.39,1.75,1.32,1.62,1534500.0
2008-06-19,1.44,1.47,1.38,1.4,738400.0,0.0,1.0,1.44,1.47,1.38,1.4,738400.0
2008-06-18,1.43,1.47,1.4,1.45,462600.0,0.0,1.0,1.43,1.47,1.4,1.45,462600.0
2008-06-17,1.39,1.48,1.39,1.44,368100.0,0.0,1.0,1.39,1.48,1.39,1.44,368100.0
2008-06-16,1.32,1.39,1.31,1.39,339700.0,0.0,1.0,1.32,1.39,1.31,1.39,339700.0
2008-06-13,1.23,1.37,1.23,1.32,473500.0,0.0,1.0,1.23,1.37,1.23,1.32,473500.0
2008-06-12,1.16,1.27,1.16,1.23,410800.0,0.0,1.0,1.16,1.27,1.16,1.23,410800.0
2008-06-11,1.23,1.4,1.12,1.16,664600.0,0.0,1.0,1.23,1.4,1.12,1.16,664600.0
2008-06-10,1.21,1.26,1.21,1.24,792800.0,0.0,1.0,1.21,1.26,1.21,1.24,792800.0
2008-06-09,1.31,1.37,1.22,1.24,367500.0,0.0,1.0,1.31,1.37,1.22,1.24,367500.0
2008-06-06,1.38,1.4,1.3,1.33,493400.0,0.0,1.0,1.38,1.4,1.3,1.33,493400.0
2008-06-05,1.3,1.43,1.27,1.41,406400.0,0.0,1.0,1.3,1.43,1.27,1.41,406400.0
2008-06-04,1.32,1.38,1.26,1.3,564000.0,0.0,1.0,1.32,1.38,1.26,1.3,564000.0
2008-06-03,1.34,1.38,1.17,1.33,372900.0,0.0,1.0,1.34,1.38,1.17,1.33,372900.0
2008-06-02,1.16,1.34,1.14,1.32,549100.0,0.0,1.0,1.16,1.34,1.14,1.32,549100.0
2008-05-30,1.16,1.19,1.05,1.17,1197000.0,0.0,1.0,1.16,1.19,1.05,1.17,1197000.0
2008-05-29,1.11,1.16,1.09,1.16,300700.0,0.0,1.0,1.11,1.16,1.09,1.16,300700.0
2008-05-28,1.15,1.17,1.1,1.12,358800.0,0.0,1.0,1.15,1.17,1.1,1.12,358800.0
2008-05-27,1.18,1.25,1.06,1.17,371700.0,0.0,1.0,1.18,1.25,1.06,1.17,371700.0
2008-05-23,1.18,1.25,1.18,1.19,251500.0,0.0,1.0,1.18,1.25,1.18,1.19,251500.0
2008-05-22,1.19,1.26,1.12,1.19,417600.0,0.0,1.0,1.19,1.26,1.12,1.19,417600.0
2008-05-21,1.27,1.3,1.06,1.18,398900.0,0.0,1.0,1.27,1.3,1.06,1.18,398900.0
2008-05-20,1.28,1.3,1.22,1.26,194900.0,0.0,1.0,1.28,1.3,1.22,1.26,194900.0
2008-05-19,1.28,1.42,1.26,1.29,2908300.0,0.0,1.0,1.28,1.42,1.26,1.29,2908300.0
2008-05-16,1.17,1.27,1.15,1.26,629000.0,0.0,1.0,1.17,1.27,1.15,1.26,629000.0
2008-05-15,1.11,1.2,1.11,1.17,653900.0,0.0,1.0,1.11,1.2,1.11,1.17,653900.0
2008-05-14,1.04,1.12,1.04,1.08,470300.0,0.0,1.0,1.04,1.12,1.04,1.08,470300.0
2008-05-13,1.02,1.05,0.99,1.04,662600.0,0.0,1.0,1.02,1.05,0.99,1.04,662600.0
2008-05-12,0.85,1.02,0.85,1.01,500900.0,0.0,1.0,0.85,1.02,0.85,1.01,500900.0
2008-05-09,0.99,1.02,0.85,0.93,622800.0,0.0,1.0,0.99,1.02,0.85,0.93,622800.0
2008-05-08,0.82,0.9,0.82,0.86,471400.0,0.0,1.0,0.82,0.9,0.82,0.86,471400.0
2008-05-07,0.85,0.97,0.8,0.82,643900.0,0.0,1.0,0.85,0.97,0.8,0.82,643900.0
2008-05-06,0.88,0.91,0.86,0.87,683100.0,0.0,1.0,0.88,0.91,0.86,0.87,683100.0
2008-05-05,0.95,0.95,0.89,0.9,476300.0,0.0,1.0,0.95,0.95,0.89,0.9,476300.0
2008-05-02,0.94,1.0,0.91,0.92,525300.0,0.0,1.0,0.94,1.0,0.91,0.92,525300.0
2008-05-01,1.0,1.04,0.92,0.95,730100.0,0.0,1.0,1.0,1.04,0.92,0.95,730100.0
2008-04-30,1.03,1.07,1.0,1.0,622400.0,0.0,1.0,1.03,1.07,1.0,1.0,622400.0
2008-04-29,1.03,1.09,1.01,1.02,566800.0,0.0,1.0,1.03,1.09,1.01,1.02,566800.0
2008-04-28,1.07,1.09,1.03,1.04,169100.0,0.0,1.0,1.07,1.09,1.03,1.04,169100.0
2008-04-25,1.11,1.11,1.04,1.06,879200.0,0.0,1.0,1.11,1.11,1.04,1.06,879200.0
2008-04-24,1.07,1.15,1.03,1.07,230800.0,0.0,1.0,1.07,1.15,1.03,1.07,230800.0
2008-04-23,1.17,1.19,1.01,1.06,347100.0,0.0,1.0,1.17,1.19,1.01,1.06,347100.0
2008-04-22,1.22,1.28,1.0,1.16,462200.0,0.0,1.0,1.22,1.28,1.0,1.16,462200.0
2008-04-21,1.28,1.34,1.21,1.23,159900.0,0.0,1.0,1.28,1.34,1.21,1.23,159900.0
2008-04-18,1.28,1.45,1.19,1.3,349200.0,0.0,1.0,1.28,1.45,1.19,1.3,349200.0
2008-04-17,1.25,1.33,1.19,1.25,347400.0,0.0,1.0,1.25,1.33,1.19,1.25,347400.0
2008-04-16,1.34,1.43,1.15,1.23,1209700.0,0.0,1.0,1.34,1.43,1.15,1.23,1209700.0
2008-04-15,1.35,1.38,1.27,1.33,123000.0,0.0,1.0,1.35,1.38,1.27,1.33,123000.0
2008-04-14,1.35,1.5,1.33,1.35,228300.0,0.0,1.0,1.35,1.5,1.33,1.35,228300.0
2008-04-11,1.48,1.48,1.34,1.36,224500.0,0.0,1.0,1.48,1.48,1.34,1.36,224500.0
2008-04-10,1.48,1.5,1.42,1.5,185600.0,0.0,1.0,1.48,1.5,1.42,1.5,185600.0
2008-04-09,1.54,1.54,1.45,1.49,408100.0,0.0,1.0,1.54,1.54,1.45,1.49,408100.0
2008-04-08,1.56,1.58,1.47,1.53,524600.0,0.0,1.0,1.56,1.58,1.47,1.53,524600.0
2008-04-07,1.59,1.65,1.54,1.56,261600.0,0.0,1.0,1.59,1.65,1.54,1.56,261600.0
2008-04-04,1.51,1.63,1.47,1.55,820900.0,0.0,1.0,1.51,1.63,1.47,1.55,820900.0
2008-04-03,1.48,1.56,1.45,1.5,492300.0,0.0,1.0,1.48,1.56,1.45,1.5,492300.0
2008-04-02,1.54,1.56,1.46,1.49,846000.0,0.0,1.0,1.54,1.56,1.46,1.49,846000.0
2008-04-01,1.57,1.58,1.49,1.55,772900.0,0.0,1.0,1.57,1.58,1.49,1.55,772900.0
2008-03-31,1.59,1.6,1.51,1.52,580200.0,0.0,1.0,1.59,1.6,1.51,1.52,580200.0
2008-03-28,1.63,1.69,1.55,1.59,485700.0,0.0,1.0,1.63,1.69,1.55,1.59,485700.0
2008-03-27,1.68,1.74,1.6,1.63,605000.0,0.0,1.0,1.68,1.74,1.6,1.63,605000.0
2008-03-26,1.81,1.84,1.53,1.67,766300.0,0.0,1.0,1.81,1.84,1.53,1.67,766300.0
2008-03-25,1.76,1.85,1.7,1.81,914900.0,0.0,1.0,1.76,1.85,1.7,1.81,914900.0
2008-03-24,1.12,1.94,1.11,1.76,2273500.0,0.0,1.0,1.12,1.94,1.11,1.76,2273500.0
2008-03-20,1.26,1.26,1.1,1.11,1247600.0,0.0,1.0,1.26,1.26,1.1,1.11,1247600.0
2008-03-19,1.17,1.19,1.12,1.14,439900.0,0.0,1.0,1.17,1.19,1.12,1.14,439900.0
2008-03-18,1.12,1.2,1.12,1.16,441200.0,0.0,1.0,1.12,1.2,1.12,1.16,441200.0
2008-03-17,1.06,1.2,1.01,1.1,435800.0,0.0,1.0,1.06,1.2,1.01,1.1,435800.0
2008-03-14,1.25,1.25,0.99,1.09,778900.0,0.0,1.0,1.25,1.25,0.99,1.09,778900.0
2008-03-13,1.19,1.25,1.19,1.23,373400.0,0.0,1.0,1.19,1.25,1.19,1.23,373400.0
2008-03-12,1.24,1.26,1.19,1.21,824200.0,0.0,1.0,1.24,1.26,1.19,1.21,824200.0
2008-03-11,1.25,1.28,1.18,1.23,625200.0,0.0,1.0,1.25,1.28,1.18,1.23,625200.0
2008-03-10,1.25,1.25,1.21,1.21,314100.0,0.0,1.0,1.25,1.25,1.21,1.21,314100.0
2008-03-07,1.18,1.25,1.18,1.22,325100.0,0.0,1.0,1.18,1.25,1.18,1.22,325100.0
2008-03-06,1.24,1.3,1.19,1.19,329200.0,0.0,1.0,1.24,1.3,1.19,1.19,329200.0
2008-03-05,1.21,1.28,1.19,1.25,583400.0,0.0,1.0,1.21,1.28,1.19,1.25,583400.0
2008-03-04,1.2,1.34,1.18,1.21,764600.0,0.0,1.0,1.2,1.34,1.18,1.21,764600.0
2008-03-03,1.26,1.28,1.19,1.22,1111200.0,0.0,1.0,1.26,1.28,1.19,1.22,1111200.0
2008-02-29,1.35,1.35,1.25,1.26,1442400.0,0.0,1.0,1.35,1.35,1.25,1.26,1442400.0
2008-02-28,1.44,1.45,1.26,1.36,325600.0,0.0,1.0,1.44,1.45,1.26,1.36,325600.0
2008-02-27,1.46,1.5,1.34,1.44,257600.0,0.0,1.0,1.46,1.5,1.34,1.44,257600.0
2008-02-26,1.45,1.54,1.36,1.48,407500.0,0.0,1.0,1.45,1.54,1.36,1.48,407500.0
2008-02-25,1.34,1.48,1.25,1.47,414700.0,0.0,1.0,1.34,1.48,1.25,1.47,414700.0
2008-02-22,1.23,1.39,1.15,1.34,3394200.0,0.0,1.0,1.23,1.39,1.15,1.34,3394200.0
2008-02-21,1.69,1.69,1.32,1.39,1168400.0,0.0,1.0,1.69,1.69,1.32,1.39,1168400.0
2008-02-20,1.59,1.72,1.59,1.66,547100.0,0.0,1.0,1.59,1.72,1.59,1.66,547100.0
2008-02-19,1.62,1.66,1.56,1.56,184800.0,0.0,1.0,1.62,1.66,1.56,1.56,184800.0
2008-02-15,1.56,1.65,1.56,1.57,202400.0,0.0,1.0,1.56,1.65,1.56,1.57,202400.0
2008-02-14,1.69,1.7,1.57,1.57,174100.0,0.0,1.0,1.69,1.7,1.57,1.57,174100.0
2008-02-13,1.68,1.71,1.65,1.68,222800.0,0.0,1.0,1.68,1.71,1.65,1.68,222800.0
2008-02-12,1.59,1.69,1.57,1.66,478500.0,0.0,1.0,1.59,1.69,1.57,1.66,478500.0
2008-02-11,1.63,1.63,1.53,1.59,365200.0,0.0,1.0,1.63,1.63,1.53,1.59,365200.0
2008-02-08,1.73,1.73,1.55,1.59,343700.0,0.0,1.0,1.73,1.73,1.55,1.59,343700.0
2008-02-07,1.69,1.78,1.68,1.69,305500.0,0.0,1.0,1.69,1.78,1.68,1.69,305500.0
2008-02-06,1.74,1.74,1.68,1.69,242600.0,0.0,1.0,1.74,1.74,1.68,1.69,242600.0
2008-02-05,1.7,1.73,1.59,1.72,272600.0,0.0,1.0,1.7,1.73,1.59,1.72,272600.0
2008-02-04,1.65,1.75,1.63,1.72,303000.0,0.0,1.0,1.65,1.75,1.63,1.72,303000.0
2008-02-01,1.61,1.65,1.55,1.65,460200.0,0.0,1.0,1.61,1.65,1.55,1.65,460200.0
2008-01-31,1.57,1.65,1.51,1.6,459600.0,0.0,1.0,1.57,1.65,1.51,1.6,459600.0
2008-01-30,1.61,1.68,1.6,1.6,360100.0,0.0,1.0,1.61,1.68,1.6,1.6,360100.0
2008-01-29,1.7,1.7,1.61,1.61,371600.0,0.0,1.0,1.7,1.7,1.61,1.61,371600.0
2008-01-28,1.67,1.72,1.66,1.7,413700.0,0.0,1.0,1.67,1.72,1.66,1.7,413700.0
2008-01-25,1.73,1.73,1.66,1.67,325200.0,0.0,1.0,1.73,1.73,1.66,1.67,325200.0
2008-01-24,1.74,1.83,1.61,1.71,538700.0,0.0,1.0,1.74,1.83,1.61,1.71,538700.0
2008-01-23,1.67,1.74,1.65,1.74,541700.0,0.0,1.0,1.67,1.74,1.65,1.74,541700.0
2008-01-22,1.67,1.75,1.65,1.7,579200.0,0.0,1.0,1.67,1.75,1.65,1.7,579200.0
2008-01-18,1.81,1.91,1.64,1.64,459000.0,0.0,1.0,1.81,1.91,1.64,1.64,459000.0
2008-01-17,2.0,2.11,1.84,1.84,508400.0,0.0,1.0,2.0,2.11,1.84,1.84,508400.0
2008-01-16,1.92,2.0,1.83,2.0,712000.0,0.0,1.0,1.92,2.0,1.83,2.0,712000.0
2008-01-15,1.82,2.01,1.7,1.93,255900.0,0.0,1.0,1.82,2.01,1.7,1.93,255900.0
2008-01-14,1.81,1.93,1.74,1.85,277700.0,0.0,1.0,1.81,1.93,1.74,1.85,277700.0
2008-01-11,1.88,1.92,1.8,1.8,218200.0,0.0,1.0,1.88,1.92,1.8,1.8,218200.0
2008-01-10,1.76,2.01,1.68,1.89,261500.0,0.0,1.0,1.76,2.01,1.68,1.89,261500.0
2008-01-09,1.85,1.91,1.75,1.79,450500.0,0.0,1.0,1.85,1.91,1.75,1.79,450500.0
2008-01-08,1.99,2.07,1.86,1.89,598500.0,0.0,1.0,1.99,2.07,1.86,1.89,598500.0
2008-01-07,2.0,2.05,1.93,1.99,567600.0,0.0,1.0,2.0,2.05,1.93,1.99,567600.0
2008-01-04,2.15,2.15,1.98,1.99,872100.0,0.0,1.0,2.15,2.15,1.98,1.99,872100.0
2008-01-03,2.42,2.44,2.09,2.19,872200.0,0.0,1.0,2.42,2.44,2.09,2.19,872200.0
2008-01-02,2.36,2.5,2.19,2.36,1072400.0,0.0,1.0,2.36,2.5,2.19,2.36,1072400.0
2007-12-31,2.32,2.37,2.19,2.37,642100.0,0.0,1.0,2.32,2.37,2.19,2.37,642100.0
2007-12-28,2.35,2.44,2.21,2.32,450200.0,0.0,1.0,2.35,2.44,2.21,2.32,450200.0
2007-12-27,2.39,2.5,2.3,2.3,565300.0,0.0,1.0,2.39,2.5,2.3,2.3,565300.0
2007-12-26,2.61,2.61,2.27,2.38,1098000.0,0.0,1.0,2.61,2.61,2.27,2.38,1098000.0
2007-12-24,2.23,2.67,2.15,2.6,311700.0,0.0,1.0,2.23,2.67,2.15,2.6,311700.0
2007-12-21,2.25,2.64,2.24,2.24,2426200.0,0.0,1.0,2.25,2.64,2.24,2.24,2426200.0
2007-12-20,2.06,2.27,2.01,2.2,963600.0,0.0,1.0,2.06,2.27,2.01,2.2,963600.0
2007-12-19,2.08,2.08,1.95,2.05,321100.0,0.0,1.0,2.08,2.08,1.95,2.05,321100.0
2007-12-18,2.08,2.15,2.07,2.09,892500.0,0.0,1.0,2.08,2.15,2.07,2.09,892500.0
2007-12-17,2.07,2.13,2.0,2.1,358400.0,0.0,1.0,2.07,2.13,2.0,2.1,358400.0
2007-12-14,2.19,2.22,2.08,2.11,378700.0,0.0,1.0,2.19,2.22,2.08,2.11,378700.0
2007-12-13,2.16,2.25,2.1,2.23,371700.0,0.0,1.0,2.16,2.25,2.1,2.23,371700.0
2007-12-12,2.35,2.69,2.17,2.18,744700.0,0.0,1.0,2.35,2.69,2.17,2.18,744700.0
2007-12-11,2.4,2.41,2.25,2.28,599500.0,0.0,1.0,2.4,2.41,2.25,2.28,599500.0
2007-12-10,2.29,2.59,2.27,2.38,460500.0,0.0,1.0,2.29,2.59,2.27,2.38,460500.0
2007-12-07,2.08,2.42,2.04,2.31,716200.0,0.0,1.0,2.08,2.42,2.04,2.31,716200.0
2007-12-06,2.02,2.06,1.89,2.05,386900.0,0.0,1.0,2.02,2.06,1.89,2.05,386900.0
2007-12-05,1.91,2.13,1.91,2.0,783000.0,0.0,1.0,1.91,2.13,1.91,2.0,783000.0
2007-12-04,1.98,1.98,1.85,1.86,865700.0,0.0,1.0,1.98,1.98,1.85,1.86,865700.0
2007-12-03,2.04,2.08,1.98,1.99,651000.0,0.0,1.0,2.04,2.08,1.98,1.99,651000.0
2007-11-30,2.09,2.15,2.01,2.04,975600.0,0.0,1.0,2.09,2.15,2.01,2.04,975600.0
2007-11-29,2.12,2.15,2.03,2.05,809600.0,0.0,1.0,2.12,2.15,2.03,2.05,809600.0
2007-11-28,1.98,2.16,1.95,2.13,869200.0,0.0,1.0,1.98,2.16,1.95,2.13,869200.0
2007-11-27,1.9,1.99,1.89,1.95,864400.0,0.0,1.0,1.9,1.99,1.89,1.95,864400.0
2007-11-26,2.32,2.32,1.9,1.9,776800.0,0.0,1.0,2.32,2.32,1.9,1.9,776800.0
2007-11-23,2.01,2.39,1.97,2.29,401800.0,0.0,1.0,2.01,2.39,1.97,2.29,401800.0
2007-11-21,2.09,2.13,1.98,1.99,810700.0,0.0,1.0,2.09,2.13,1.98,1.99,810700.0
2007-11-20,2.15,2.39,2.05,2.1,915400.0,0.0,1.0,2.15,2.39,2.05,2.1,915400.0
2007-11-19,2.48,2.54,2.09,2.18,1413900.0,0.0,1.0,2.48,2.54,2.09,2.18,1413900.0
2007-11-16,2.53,2.61,2.49,2.5,746300.0,0.0,1.0,2.53,2.61,2.49,2.5,746300.0
2007-11-15,2.52,2.61,2.49,2.53,688800.0,0.0,1.0,2.52,2.61,2.49,2.53,688800.0
2007-11-14,2.8,2.81,2.49,2.53,804300.0,0.0,1.0,2.8,2.81,2.49,2.53,804300.0
2007-11-13,3.11,3.11,2.64,2.8,875800.0,0.0,1.0,3.11,3.11,2.64,2.8,875800.0
2007-11-12,3.05,3.05,2.84,2.9,836000.0,0.0,1.0,3.05,3.05,2.84,2.9,836000.0
2007-11-09,3.06,3.06,2.95,3.06,918000.0,0.0,1.0,3.06,3.06,2.95,3.06,918000.0
2007-11-08,3.0,3.18,2.93,3.1,1032200.0,0.0,1.0,3.0,3.18,2.93,3.1,1032200.0
2007-11-07,3.21,3.21,2.95,3.0,1845500.0,0.0,1.0,3.21,3.21,2.95,3.0,1845500.0
2007-11-06,3.21,3.49,3.15,3.27,1824500.0,0.0,1.0,3.21,3.49,3.15,3.27,1824500.0
2007-11-05,3.43,3.62,3.31,3.41,593700.0,0.0,1.0,3.43,3.62,3.31,3.41,593700.0
2007-11-02,3.45,3.52,3.38,3.45,780700.0,0.0,1.0,3.45,3.52,3.38,3.45,780700.0
2007-11-01,3.43,3.43,3.27,3.4,1097500.0,0.0,1.0,3.43,3.43,3.27,3.4,1097500.0
2007-10-31,3.48,3.5,3.41,3.49,735900.0,0.0,1.0,3.48,3.5,3.41,3.49,735900.0
2007-10-30,3.48,3.49,3.43,3.46,590900.0,0.0,1.0,3.48,3.49,3.43,3.46,590900.0
2007-10-29,3.62,3.62,3.44,3.49,645100.0,0.0,1.0,3.62,3.62,3.44,3.49,645100.0
2007-10-26,3.55,3.6,3.27,3.53,911500.0,0.0,1.0,3.55,3.6,3.27,3.53,911500.0
2007-10-25,3.57,3.61,3.45,3.49,381700.0,0.0,1.0,3.57,3.61,3.45,3.49,381700.0
2007-10-24,3.53,3.6,3.49,3.55,299900.0,0.0,1.0,3.53,3.6,3.49,3.55,299900.0
2007-10-23,3.74,3.74,3.52,3.56,594100.0,0.0,1.0,3.74,3.74,3.52,3.56,594100.0
2007-10-22,3.45,3.76,3.29,3.7,881600.0,0.0,1.0,3.45,3.76,3.29,3.7,881600.0
2007-10-19,3.66,3.72,3.48,3.5,976200.0,0.0,1.0,3.66,3.72,3.48,3.5,976200.0
2007-10-18,3.62,3.92,3.59,3.66,1616300.0,0.0,1.0,3.62,3.92,3.59,3.66,1616300.0
2007-10-17,3.65,3.68,3.5,3.63,1147700.0,0.0,1.0,3.65,3.68,3.5,3.63,1147700.0
2007-10-16,3.64,3.67,3.58,3.61,272500.0,0.0,1.0,3.64,3.67,3.58,3.61,272500.0
2007-10-15,3.64,3.72,3.58,3.64,546900.0,0.0,1.0,3.64,3.72,3.58,3.64,546900.0
2007-10-12,3.79,3.79,3.6,3.65,539600.0,0.0,1.0,3.79,3.79,3.6,3.65,539600.0
2007-10-11,3.81,3.88,3.76,3.79,680000.0,0.0,1.0,3.81,3.88,3.76,3.79,680000.0
2007-10-10,3.88,3.98,3.77,3.8,320300.0,0.0,1.0,3.88,3.98,3.77,3.8,320300.0
2007-10-09,3.86,3.92,3.84,3.88,374400.0,0.0,1.0,3.86,3.92,3.84,3.88,374400.0
2007-10-08,3.95,3.95,3.79,3.86,443900.0,0.0,1.0,3.95,3.95,3.79,3.86,443900.0
2007-10-05,3.79,4.02,3.74,3.97,602400.0,0.0,1.0,3.79,4.02,3.74,3.97,602400.0
2007-10-04,3.74,3.85,3.72,3.76,265700.0,0.0,1.0,3.74,3.85,3.72,3.76,265700.0
2007-10-03,3.84,3.95,3.72,3.72,574200.0,0.0,1.0,3.84,3.95,3.72,3.72,574200.0
2007-10-02,3.87,4.05,3.73,3.87,629600.0,0.0,1.0,3.87,4.05,3.73,3.87,629600.0
2007-10-01,3.72,3.91,3.67,3.87,710300.0,0.0,1.0,3.72,3.91,3.67,3.87,710300.0
2007-09-28,3.62,3.74,3.57,3.73,842200.0,0.0,1.0,3.62,3.74,3.57,3.73,842200.0
2007-09-27,3.59,3.66,3.49,3.63,1121900.0,0.0,1.0,3.59,3.66,3.49,3.63,1121900.0
2007-09-26,3.69,3.69,3.5,3.51,1817700.0,0.0,1.0,3.69,3.69,3.5,3.51,1817700.0
2007-09-25,3.77,3.82,3.65,3.66,1185500.0,0.0,1.0,3.77,3.82,3.65,3.66,1185500.0
2007-09-24,3.74,3.99,3.72,3.8,852100.0,0.0,1.0,3.74,3.99,3.72,3.8,852100.0
2007-09-21,4.07,4.1,3.87,3.92,931300.0,0.0,1.0,4.07,4.1,3.87,3.92,931300.0
2007-09-20,4.27,4.27,3.97,4.03,897200.0,0.0,1.0,4.27,4.27,3.97,4.03,897200.0
2007-09-19,4.16,4.35,3.98,4.26,1044100.0,0.0,1.0,4.16,4.35,3.98,4.26,1044100.0
2007-09-18,3.95,4.18,3.92,4.16,936100.0,0.0,1.0,3.95,4.18,3.92,4.16,936100.0
2007-09-17,3.94,3.95,3.74,3.94,923600.0,0.0,1.0,3.94,3.95,3.74,3.94,923600.0
2007-09-14,3.79,4.13,3.68,3.96,1356500.0,0.0,1.0,3.79,4.13,3.68,3.96,1356500.0
2007-09-13,3.9,3.94,3.72,3.84,1264300.0,0.0,1.0,3.9,3.94,3.72,3.84,1264300.0
2007-09-12,3.64,3.9,3.6,3.9,1068900.0,0.0,1.0,3.64,3.9,3.6,3.9,1068900.0
2007-09-11,3.66,3.76,3.62,3.66,347900.0,0.0,1.0,3.66,3.76,3.62,3.66,347900.0
2007-09-10,3.75,3.78,3.63,3.65,517400.0,0.0,1.0,3.75,3.78,3.63,3.65,517400.0
2007-09-07,3.7,3.79,3.62,3.73,1180400.0,0.0,1.0,3.7,3.79,3.62,3.73,1180400.0
2007-09-06,3.65,3.93,3.6,3.77,1041600.0,0.0,1.0,3.65,3.93,3.6,3.77,1041600.0
2007-09-05,3.69,3.74,3.6,3.67,440700.0,0.0,1.0,3.69,3.74,3.6,3.67,440700.0
2007-09-04,3.9,3.9,3.61,3.72,491600.0,0.0,1.0,3.9,3.9,3.61,3.72,491600.0
2007-08-31,3.65,3.91,3.6,3.91,809500.0,0.0,1.0,3.65,3.91,3.6,3.91,809500.0
2007-08-30,3.6,3.69,3.53,3.61,368000.0,0.0,1.0,3.6,3.69,3.53,3.61,368000.0
2007-08-29,3.61,3.66,3.59,3.63,892800.0,0.0,1.0,3.61,3.66,3.59,3.63,892800.0
2007-08-28,3.75,3.8,3.55,3.6,1083100.0,0.0,1.0,3.75,3.8,3.55,3.6,1083100.0
2007-08-27,3.79,3.79,3.68,3.76,258500.0,0.0,1.0,3.79,3.79,3.68,3.76,258500.0
2007-08-24,3.85,3.85,3.75,3.79,1081500.0,0.0,1.0,3.85,3.85,3.75,3.79,1081500.0
2007-08-23,3.9,3.9,3.8,3.84,1337500.0,0.0,1.0,3.9,3.9,3.8,3.84,1337500.0
2007-08-22,3.74,3.85,3.71,3.85,1624800.0,0.0,1.0,3.74,3.85,3.71,3.85,1624800.0
2007-08-21,3.83,3.84,3.67,3.71,876900.0,0.0,1.0,3.83,3.84,3.67,3.71,876900.0
2007-08-20,3.92,3.96,3.75,3.83,475300.0,0.0,1.0,3.92,3.96,3.75,3.83,475300.0
2007-08-17,4.08,4.09,3.75,3.9,964000.0,0.0,1.0,4.08,4.09,3.75,3.9,964000.0
2007-08-16,3.86,3.94,3.66,3.94,1426900.0,0.0,1.0,3.86,3.94,3.66,3.94,1426900.0
2007-08-15,3.74,3.95,3.64,3.84,842500.0,0.0,1.0,3.74,3.95,3.64,3.84,842500.0
2007-08-14,3.75,3.93,3.54,3.74,788600.0,0.0,1.0,3.75,3.93,3.54,3.74,788600.0
2007-08-13,3.58,4.07,3.55,3.75,2422400.0,0.0,1.0,3.58,4.07,3.55,3.75,2422400.0
2007-08-10,3.22,3.6,3.09,3.53,2925000.0,0.0,1.0,3.22,3.6,3.09,3.53,2925000.0
2007-08-09,3.43,3.49,3.06,3.31,4584600.0,0.0,1.0,3.43,3.49,3.06,3.31,4584600.0
2007-08-08,3.98,4.06,3.56,3.56,3042500.0,0.0,1.0,3.98,4.06,3.56,3.56,3042500.0
2007-08-07,4.02,4.07,3.96,3.98,4167200.0,0.0,1.0,4.02,4.07,3.96,3.98,4167200.0
2007-08-06,4.87,4.92,3.51,4.05,4757000.0,0.0,1.0,4.87,4.92,3.51,4.05,4757000.0
2007-08-03,5.35,5.45,4.72,4.86,2762800.0,0.0,1.0,5.35,5.45,4.72,4.86,2762800.0
2007-08-02,5.81,6.04,5.38,5.4,2539700.0,0.0,1.0,5.81,6.04,5.38,5.4,2539700.0
2007-08-01,6.09,6.09,5.76,5.81,1115100.0,0.0,1.0,6.09,6.09,5.76,5.81,1115100.0
2007-07-31,6.41,6.5,6.07,6.09,940500.0,0.0,1.0,6.41,6.5,6.07,6.09,940500.0
2007-07-30,6.49,6.49,6.22,6.36,949900.0,0.0,1.0,6.49,6.49,6.22,6.36,949900.0
2007-07-27,6.75,6.77,6.48,6.49,1142800.0,0.0,1.0,6.75,6.77,6.48,6.49,1142800.0
2007-07-26,6.91,6.91,6.54,6.79,1540600.0,0.0,1.0,6.91,6.91,6.54,6.79,1540600.0
2007-07-25,7.22,7.26,6.98,6.99,1019300.0,0.0,1.0,7.22,7.26,6.98,6.99,1019300.0
2007-07-24,7.21,7.29,7.05,7.14,1288900.0,0.0,1.0,7.21,7.29,7.05,7.14,1288900.0
2007-07-23,7.04,7.44,7.04,7.3,793400.0,0.0,1.0,7.04,7.44,7.04,7.3,793400.0
2007-07-20,7.02,7.06,6.79,7.03,1118300.0,0.0,1.0,7.02,7.06,6.79,7.03,1118300.0
2007-07-19,7.09,7.1,7.01,7.04,235100.0,0.0,1.0,7.09,7.1,7.01,7.04,235100.0
2007-07-18,7.11,7.13,7.02,7.07,319300.0,0.0,1.0,7.11,7.13,7.02,7.07,319300.0
2007-07-17,7.1,7.17,7.06,7.14,583300.0,0.0,1.0,7.1,7.17,7.06,7.14,583300.0
2007-07-16,7.15,7.16,7.03,7.09,416200.0,0.0,1.0,7.15,7.16,7.03,7.09,416200.0
2007-07-13,7.19,7.25,7.14,7.16,659700.0,0.0,1.0,7.19,7.25,7.14,7.16,659700.0
2007-07-12,7.02,7.19,6.97,7.19,285100.0,0.0,1.0,7.02,7.19,6.97,7.19,285100.0
2007-07-11,6.97,7.1,6.95,6.99,598600.0,0.0,1.0,6.97,7.1,6.95,6.99,598600.0
2007-07-10,7.14,7.16,6.98,6.99,485900.0,0.0,1.0,7.14,7.16,6.98,6.99,485900.0
2007-07-09,7.13,7.21,7.01,7.21,518100.0,0.0,1.0,7.13,7.21,7.01,7.21,518100.0
2007-07-06,7.14,7.21,7.1,7.15,290900.0,0.0,1.0,7.14,7.21,7.1,7.15,290900.0
2007-07-05,7.41,7.44,7.14,7.16,494200.0,0.0,1.0,7.41,7.44,7.14,7.16,494200.0
2007-07-03,7.14,7.47,7.11,7.47,528500.0,0.0,1.0,7.14,7.47,7.11,7.47,528500.0
2007-07-02,7.11,7.2,7.09,7.15,376700.0,0.0,1.0,7.11,7.2,7.09,7.15,376700.0
2007-06-29,7.1,7.1,7.01,7.06,374600.0,0.0,1.0,7.1,7.1,7.01,7.06,374600.0
2007-06-28,7.15,7.15,7.03,7.06,748100.0,0.0,1.0,7.15,7.15,7.03,7.06,748100.0
2007-06-27,7.01,7.16,6.96,7.14,507700.0,0.0,1.0,7.01,7.16,6.96,7.14,507700.0
2007-06-26,7.16,7.19,7.03,7.08,705300.0,0.0,1.0,7.16,7.19,7.03,7.08,705300.0
2007-06-25,7.12,7.17,6.97,7.11,562000.0,0.0,1.0,7.12,7.17,6.97,7.11,562000.0
2007-06-22,7.2,7.21,7.13,7.15,657100.0,0.0,1.0,7.2,7.21,7.13,7.15,657100.0
2007-06-21,7.14,7.26,7.09,7.23,232300.0,0.0,1.0,7.14,7.26,7.09,7.23,232300.0
2007-06-20,7.28,7.36,7.18,7.2,352000.0,0.0,1.0,7.28,7.36,7.18,7.2,352000.0
2007-06-19,7.18,7.29,7.14,7.26,570800.0,0.0,1.0,7.18,7.29,7.14,7.26,570800.0
2007-06-18,7.22,7.25,7.2,7.23,434700.0,0.0,1.0,7.22,7.25,7.2,7.23,434700.0
2007-06-15,7.47,7.47,7.16,7.22,1257100.0,0.0,1.0,7.47,7.47,7.16,7.22,1257100.0
2007-06-14,7.1,7.3,7.08,7.25,735100.0,0.0,1.0,7.1,7.3,7.08,7.25,735100.0
2007-06-13,7.05,7.27,7.05,7.06,1573400.0,0.0,1.0,7.05,7.27,7.05,7.06,1573400.0
2007-06-12,7.17,7.25,7.05,7.05,735900.0,0.0,1.0,7.17,7.25,7.05,7.05,735900.0
2007-06-11,7.26,7.32,7.22,7.24,344900.0,0.0,1.0,7.26,7.32,7.22,7.24,344900.0
2007-06-08,7.35,7.36,7.17,7.29,532200.0,0.0,1.0,7.35,7.36,7.17,7.29,532200.0
2007-06-07,7.4,7.44,7.26,7.38,421200.0,0.0,1.0,7.4,7.44,7.26,7.38,421200.0
2007-06-06,7.41,7.52,7.35,7.45,484100.0,0.0,1.0,7.41,7.52,7.35,7.45,484100.0
2007-06-05,7.58,7.64,7.35,7.48,942500.0,0.0,1.0,7.58,7.64,7.35,7.48,942500.0
2007-06-04,7.52,7.64,7.33,7.63,980600.0,0.0,1.0,7.52,7.64,7.33,7.63,980600.0
2007-06-01,7.56,7.6,7.42,7.54,270400.0,0.0,1.0,7.56,7.6,7.42,7.54,270400.0
2007-05-31,7.54,7.54,7.36,7.51,772300.0,0.0,1.0,7.54,7.54,7.36,7.51,772300.0
2007-05-30,7.55,7.57,7.45,7.54,273900.0,0.0,1.0,7.55,7.57,7.45,7.54,273900.0
2007-05-29,7.67,7.68,7.47,7.66,444100.0,0.0,1.0,7.67,7.68,7.47,7.66,444100.0
2007-05-25,7.59,7.67,7.48,7.64,247700.0,0.0,1.0,7.59,7.67,7.48,7.64,247700.0
2007-05-24,7.52,7.61,7.4,7.53,804600.0,0.0,1.0,7.52,7.61,7.4,7.53,804600.0
2007-05-23,7.52,7.73,7.43,7.57,1842900.0,0.0,1.0,7.52,7.73,7.43,7.57,1842900.0
2007-05-22,7.44,7.53,7.35,7.52,340700.0,0.0,1.0,7.44,7.53,7.35,7.52,340700.0
2007-05-21,7.41,7.55,7.33,7.49,224100.0,0.0,1.0,7.41,7.55,7.33,7.49,224100.0
2007-05-18,7.19,7.4,7.12,7.4,358300.0,0.0,1.0,7.19,7.4,7.12,7.4,358300.0
2007-05-17,7.1,7.25,7.07,7.19,305500.0,0.0,1.0,7.1,7.25,7.07,7.19,305500.0
2007-05-16,7.03,7.13,6.96,7.13,307500.0,0.0,1.0,7.03,7.13,6.96,7.13,307500.0
2007-05-15,7.15,7.21,7.01,7.02,292600.0,0.0,1.0,7.15,7.21,7.01,7.02,292600.0
2007-05-14,7.13,7.19,7.11,7.17,287500.0,0.0,1.0,7.13,7.19,7.11,7.17,287500.0
2007-05-11,7.13,7.22,6.93,7.18,242500.0,0.0,1.0,7.13,7.22,6.93,7.18,242500.0
2007-05-10,7.23,7.27,7.06,7.1,558700.0,0.0,1.0,7.23,7.27,7.06,7.1,558700.0
2007-05-09,7.35,7.37,7.22,7.3,375000.0,0.0,1.0,7.35,7.37,7.22,7.3,375000.0
2007-05-08,7.45,7.45,7.3,7.38,451100.0,0.0,1.0,7.45,7.45,7.3,7.38,451100.0
2007-05-07,7.48,7.52,7.37,7.5,435000.0,0.0,1.0,7.48,7.52,7.37,7.5,435000.0
2007-05-04,7.44,7.5,7.36,7.45,448700.0,0.0,1.0,7.44,7.5,7.36,7.45,448700.0
2007-05-03,7.36,7.46,7.31,7.44,616200.0,0.0,1.0,7.36,7.46,7.31,7.44,616200.0
2007-05-02,7.32,7.43,7.26,7.4,575700.0,0.0,1.0,7.32,7.43,7.26,7.4,575700.0
2007-05-01,7.05,7.35,7.05,7.33,768900.0,0.0,1.0,7.05,7.35,7.05,7.33,768900.0
2007-04-30,7.47,7.47,7.03,7.06,916500.0,0.0,1.0,7.47,7.47,7.03,7.06,916500.0
2007-04-27,7.5,7.5,7.36,7.44,934500.0,0.0,1.0,7.5,7.5,7.36,7.44,934500.0
2007-04-26,7.53,7.53,7.38,7.51,451000.0,0.0,1.0,7.53,7.53,7.38,7.51,451000.0
2007-04-25,7.48,7.52,7.34,7.5,381100.0,0.0,1.0,7.48,7.52,7.34,7.5,381100.0
2007-04-24,7.34,7.44,7.3,7.42,352400.0,0.0,1.0,7.34,7.44,7.3,7.42,352400.0
2007-04-23,7.42,7.47,7.28,7.3,425600.0,0.0,1.0,7.42,7.47,7.28,7.3,425600.0
2007-04-20,7.31,7.49,7.25,7.46,457000.0,0.0,1.0,7.31,7.49,7.25,7.46,457000.0
2007-04-19,7.2,7.26,7.1,7.22,424200.0,0.0,1.0,7.2,7.26,7.1,7.22,424200.0
2007-04-18,7.17,7.32,7.15,7.28,414200.0,0.0,1.0,7.17,7.32,7.15,7.28,414200.0
2007-04-17,7.3,7.3,7.09,7.21,979500.0,0.0,1.0,7.3,7.3,7.09,7.21,979500.0
2007-04-16,7.25,7.32,7.19,7.31,512100.0,0.0,1.0,7.25,7.32,7.19,7.31,512100.0
2007-04-13,7.22,7.23,7.09,7.22,544500.0,0.0,1.0,7.22,7.23,7.09,7.22,544500.0
2007-04-12,6.98,7.16,6.92,7.14,1171100.0,0.0,1.0,6.98,7.16,6.92,7.14,1171100.0
2007-04-11,6.97,7.0,6.85,6.97,1103900.0,0.0,1.0,6.97,7.0,6.85,6.97,1103900.0
2007-04-10,6.83,7.0,6.83,6.94,537500.0,0.0,1.0,6.83,7.0,6.83,6.94,537500.0
2007-04-09,6.86,6.87,6.74,6.84,1171300.0,0.0,1.0,6.86,6.87,6.74,6.84,1171300.0
2007-04-05,6.49,6.83,6.48,6.82,884700.0,0.0,1.0,6.49,6.83,6.48,6.82,884700.0
2007-04-04,6.44,6.53,6.42,6.5,441200.0,0.0,1.0,6.44,6.53,6.42,6.5,441200.0
2007-04-03,6.5,6.52,6.42,6.44,809300.0,0.0,1.0,6.5,6.52,6.42,6.44,809300.0
2007-04-02,6.46,6.54,6.44,6.49,1006700.0,0.0,1.0,6.46,6.54,6.44,6.49,1006700.0
2007-03-30,6.5,6.51,6.46,6.46,797800.0,0.0,1.0,6.5,6.51,6.46,6.46,797800.0
2007-03-29,6.54,6.58,6.46,6.49,1409100.0,0.0,1.0,6.54,6.58,6.46,6.49,1409100.0
2007-03-28,6.54,6.57,6.49,6.51,670100.0,0.0,1.0,6.54,6.57,6.49,6.51,670100.0
2007-03-27,6.7,6.7,6.59,6.59,618100.0,0.0,1.0,6.7,6.7,6.59,6.59,618100.0
2007-03-26,6.77,6.79,6.71,6.73,1522900.0,0.0,1.0,6.77,6.79,6.71,6.73,1522900.0
2007-03-23,6.73,6.8,6.72,6.76,2755400.0,0.0,1.0,6.73,6.8,6.72,6.76,2755400.0
2007-03-22,6.83,6.89,6.2,6.75,3644400.0,0.0,1.0,6.83,6.89,6.2,6.75,3644400.0
2007-03-21,6.8,6.88,6.79,6.8,876100.0,0.0,1.0,6.8,6.88,6.79,6.8,876100.0
2007-03-20,6.8,6.84,6.76,6.8,664200.0,0.0,1.0,6.8,6.84,6.76,6.8,664200.0
2007-03-19,6.8,6.9,6.79,6.83,372200.0,0.0,1.0,6.8,6.9,6.79,6.83,372200.0
2007-03-16,6.84,6.85,6.73,6.75,772500.0,0.0,1.0,6.84,6.85,6.73,6.75,772500.0
2007-03-15,6.87,6.9,6.84,6.85,502000.0,0.0,1.0,6.87,6.9,6.84,6.85,502000.0
2007-03-14,6.85,6.95,6.82,6.85,845900.0,0.0,1.0,6.85,6.95,6.82,6.85,845900.0
2007-03-13,6.91,7.0,6.88,6.9,545500.0,0.0,1.0,6.91,7.0,6.88,6.9,545500.0
2007-03-12,6.94,7.01,6.92,6.99,452600.0,0.0,1.0,6.94,7.01,6.92,6.99,452600.0
2007-03-09,6.9,6.99,6.89,6.98,653500.0,0.0,1.0,6.9,6.99,6.89,6.98,653500.0
2007-03-08,6.86,6.95,6.82,6.86,503200.0,0.0,1.0,6.86,6.95,6.82,6.86,503200.0
2007-03-07,6.85,6.89,6.76,6.82,554700.0,0.0,1.0,6.85,6.89,6.76,6.82,554700.0
2007-03-06,6.76,6.89,6.75,6.88,1527700.0,0.0,1.0,6.76,6.89,6.75,6.88,1527700.0
2007-03-05,6.8,6.88,6.65,6.75,601600.0,0.0,1.0,6.8,6.88,6.65,6.75,601600.0
2007-03-02,6.96,6.99,6.82,6.84,728800.0,0.0,1.0,6.96,6.99,6.82,6.84,728800.0
2007-03-01,6.95,7.05,6.88,7.0,630800.0,0.0,1.0,6.95,7.05,6.88,7.0,630800.0
2007-02-28,7.06,7.1,7.0,7.04,1065300.0,0.0,1.0,7.06,7.1,7.0,7.04,1065300.0
2007-02-27,7.32,7.39,7.04,7.07,1022500.0,0.0,1.0,7.32,7.39,7.04,7.07,1022500.0
2007-02-26,7.41,7.5,7.32,7.38,762800.0,0.0,1.0,7.41,7.5,7.32,7.38,762800.0
2007-02-23,7.37,7.46,7.22,7.43,1052100.0,0.0,1.0,7.37,7.46,7.22,7.43,1052100.0
2007-02-22,7.44,7.61,7.32,7.4,815200.0,0.0,1.0,7.44,7.61,7.32,7.4,815200.0
2007-02-21,7.43,7.55,7.43,7.49,492800.0,0.0,1.0,7.43,7.55,7.43,7.49,492800.0
2007-02-20,7.42,7.51,7.32,7.49,473900.0,0.0,1.0,7.42,7.51,7.32,7.49,473900.0
2007-02-16,7.44,7.49,7.36,7.42,459200.0,0.0,1.0,7.44,7.49,7.36,7.42,459200.0
2007-02-15,7.47,7.54,7.42,7.43,823200.0,0.0,1.0,7.47,7.54,7.42,7.43,823200.0
2007-02-14,7.51,7.55,7.48,7.51,268100.0,0.0,1.0,7.51,7.55,7.48,7.51,268100.0
2007-02-13,7.43,7.5,7.43,7.5,243400.0,0.0,1.0,7.43,7.5,7.43,7.5,243400.0
2007-02-12,7.4,7.45,7.32,7.4,229300.0,0.0,1.0,7.4,7.45,7.32,7.4,229300.0
2007-02-09,7.45,7.48,7.31,7.37,278600.0,0.0,1.0,7.45,7.48,7.31,7.37,278600.0
2007-02-08,7.46,7.47,7.43,7.47,571400.0,0.0,1.0,7.46,7.47,7.43,7.47,571400.0
2007-02-07,7.39,7.5,7.34,7.46,355800.0,0.0,1.0,7.39,7.5,7.34,7.46,355800.0
2007-02-06,7.48,7.49,7.34,7.39,375600.0,0.0,1.0,7.48,7.49,7.34,7.39,375600.0
2007-02-05,7.5,7.52,7.41,7.44,621500.0,0.0,1.0,7.5,7.52,7.41,7.44,621500.0
2007-02-02,7.52,7.55,7.46,7.5,512300.0,0.0,1.0,7.52,7.55,7.46,7.5,512300.0
2007-02-01,7.38,7.5,7.33,7.5,1336400.0,0.0,1.0,7.38,7.5,7.33,7.5,1336400.0
2007-01-31,7.32,7.39,7.27,7.35,749400.0,0.0,1.0,7.32,7.39,7.27,7.35,749400.0
2007-01-30,7.33,7.37,7.27,7.32,670500.0,0.0,1.0,7.33,7.37,7.27,7.32,670500.0
2007-01-29,7.25,7.38,7.18,7.27,430600.0,0.0,1.0,7.25,7.38,7.18,7.27,430600.0
2007-01-26,7.32,7.39,7.2,7.24,652100.0,0.0,1.0,7.32,7.39,7.2,7.24,652100.0
2007-01-25,7.49,7.5,7.24,7.32,576400.0,0.0,1.0,7.49,7.5,7.24,7.32,576400.0
2007-01-24,7.49,7.49,7.34,7.46,399900.0,0.0,1.0,7.49,7.49,7.34,7.46,399900.0
2007-01-23,7.5,7.52,7.42,7.45,720700.0,0.0,1.0,7.5,7.52,7.42,7.45,720700.0
2007-01-22,7.33,7.49,7.32,7.47,668600.0,0.0,1.0,7.33,7.49,7.32,7.47,668600.0
2007-01-19,7.15,7.32,7.13,7.3,402000.0,0.0,1.0,7.15,7.32,7.13,7.3,402000.0
2007-01-18,7.17,7.21,7.11,7.17,452000.0,0.0,1.0,7.17,7.21,7.11,7.17,452000.0
2007-01-17,7.15,7.19,7.07,7.11,521300.0,0.0,1.0,7.15,7.19,7.07,7.11,521300.0
2007-01-16,7.04,7.19,7.02,7.17,787900.0,0.0,1.0,7.04,7.19,7.02,7.17,787900.0
2007-01-12,7.0,7.06,6.93,7.0,390800.0,0.0,1.0,7.0,7.06,6.93,7.0,390800.0
2007-01-11,6.92,7.0,6.9,6.99,232700.0,0.0,1.0,6.92,7.0,6.9,6.99,232700.0
2007-01-10,6.76,6.93,6.75,6.91,597000.0,0.0,1.0,6.76,6.93,6.75,6.91,597000.0
2007-01-09,6.85,6.89,6.73,6.81,444400.0,0.0,1.0,6.85,6.89,6.73,6.81,444400.0
2007-01-08,6.8,6.89,6.74,6.87,300800.0,0.0,1.0,6.8,6.89,6.74,6.87,300800.0
2007-01-05,6.85,6.86,6.7,6.81,457700.0,0.0,1.0,6.85,6.86,6.7,6.81,457700.0
2007-01-04,6.87,6.91,6.82,6.9,361700.0,0.0,1.0,6.87,6.91,6.82,6.9,361700.0
2007-01-03,6.77,6.9,6.77,6.87,927700.0,0.0,1.0,6.77,6.9,6.77,6.87,927700.0
2006-12-29,6.69,6.85,6.67,6.74,686000.0,0.0,1.0,6.69,6.85,6.67,6.74,686000.0
2006-12-28,6.73,6.74,6.64,6.68,212800.0,0.0,1.0,6.73,6.74,6.64,6.68,212800.0
2006-12-27,6.64,6.73,6.63,6.72,444300.0,0.0,1.0,6.64,6.73,6.63,6.72,444300.0
2006-12-26,6.56,6.7,6.56,6.66,294100.0,0.0,1.0,6.56,6.7,6.56,6.66,294100.0
2006-12-22,6.64,6.66,6.56,6.59,311400.0,0.0,1.0,6.64,6.66,6.56,6.59,311400.0
2006-12-21,6.63,6.66,6.58,6.64,269800.0,0.0,1.0,6.63,6.66,6.58,6.64,269800.0
2006-12-20,6.54,6.68,6.54,6.61,249600.0,0.0,1.0,6.54,6.68,6.54,6.61,249600.0
2006-12-19,6.53,6.61,6.53,6.56,232100.0,0.0,1.0,6.53,6.61,6.53,6.56,232100.0
2006-12-18,6.69,6.72,6.5,6.57,503400.0,0.0,1.0,6.69,6.72,6.5,6.57,503400.0
2006-12-15,6.66,6.7,6.63,6.67,869800.0,0.0,1.0,6.66,6.7,6.63,6.67,869800.0
2006-12-14,6.7,6.74,6.66,6.66,356000.0,0.0,1.0,6.7,6.74,6.66,6.66,356000.0
2006-12-13,6.71,6.72,6.55,6.67,392700.0,0.0,1.0,6.71,6.72,6.55,6.67,392700.0
2006-12-12,6.72,6.75,6.63,6.66,554000.0,0.0,1.0,6.72,6.75,6.63,6.66,554000.0
2006-12-11,6.69,6.75,6.65,6.7,440900.0,0.0,1.0,6.69,6.75,6.65,6.7,440900.0
2006-12-08,6.68,6.72,6.63,6.71,322800.0,0.0,1.0,6.68,6.72,6.63,6.71,322800.0
2006-12-07,6.63,6.71,6.63,6.69,499400.0,0.0,1.0,6.63,6.71,6.63,6.69,499400.0
2006-12-06,6.65,6.67,6.62,6.65,734800.0,0.0,1.0,6.65,6.67,6.62,6.65,734800.0
2006-12-05,6.56,6.69,6.53,6.67,909300.0,0.0,1.0,6.56,6.69,6.53,6.67,909300.0
2006-12-04,6.46,6.56,6.43,6.55,812300.0,0.0,1.0,6.46,6.56,6.43,6.55,812300.0
2006-12-01,6.47,6.55,6.35,6.42,567300.0,0.0,1.0,6.47,6.55,6.35,6.42,567300.0
2006-11-30,6.56,6.62,6.47,6.49,606000.0,0.0,1.0,6.56,6.62,6.47,6.49,606000.0
2006-11-29,6.74,6.75,6.59,6.6,504300.0,0.0,1.0,6.74,6.75,6.59,6.6,504300.0
2006-11-28,6.72,6.77,6.6,6.67,377500.0,0.0,1.0,6.72,6.77,6.6,6.67,377500.0
2006-11-27,6.85,6.86,6.67,6.72,1149700.0,0.0,1.0,6.85,6.86,6.67,6.72,1149700.0
2006-11-24,6.92,7.0,6.88,6.9,225700.0,0.0,1.0,6.92,7.0,6.88,6.9,225700.0
2006-11-22,7.08,7.08,6.96,6.98,298400.0,0.0,1.0,7.08,7.08,6.96,6.98,298400.0
2006-11-21,7.19,7.19,6.98,7.1,613200.0,0.0,1.0,7.19,7.19,6.98,7.1,613200.0
2006-11-20,7.2,7.22,7.13,7.17,340300.0,0.0,1.0,7.2,7.22,7.13,7.17,340300.0
2006-11-17,7.15,7.2,7.14,7.2,976200.0,0.0,1.0,7.15,7.2,7.14,7.2,976200.0
2006-11-16,7.2,7.2,7.1,7.13,440400.0,0.0,1.0,7.2,7.2,7.1,7.13,440400.0
2006-11-15,7.07,7.15,7.03,7.15,624500.0,0.0,1.0,7.07,7.15,7.03,7.15,624500.0
2006-11-14,6.94,7.07,6.84,7.06,453500.0,0.0,1.0,6.94,7.07,6.84,7.06,453500.0
2006-11-13,6.98,7.03,6.87,6.91,631200.0,0.0,1.0,6.98,7.03,6.87,6.91,631200.0
2006-11-10,7.0,7.0,6.92,7.0,337100.0,0.0,1.0,7.0,7.0,6.92,7.0,337100.0
2006-11-09,7.19,7.19,6.94,7.0,586300.0,0.0,1.0,7.19,7.19,6.94,7.0,586300.0
2006-11-08,7.04,7.16,6.98,7.15,329700.0,0.0,1.0,7.04,7.16,6.98,7.15,329700.0
2006-11-07,6.91,7.09,6.85,7.05,953900.0,0.0,1.0,6.91,7.09,6.85,7.05,953900.0
2006-11-06,6.79,6.95,6.75,6.93,549900.0,0.0,1.0,6.79,6.95,6.75,6.93,549900.0
2006-11-03,6.92,7.02,6.67,6.74,981600.0,0.0,1.0,6.92,7.02,6.67,6.74,981600.0
2006-11-02,6.66,6.99,6.66,6.93,533800.0,0.0,1.0,6.66,6.99,6.66,6.93,533800.0
2006-11-01,6.85,6.95,6.72,6.73,639500.0,0.0,1.0,6.85,6.95,6.72,6.73,639500.0
2006-10-31,6.88,6.93,6.74,6.79,389300.0,0.0,1.0,6.88,6.93,6.74,6.79,389300.0
2006-10-30,6.76,6.96,6.76,6.9,933600.0,0.0,1.0,6.76,6.96,6.76,6.9,933600.0
2006-10-27,6.85,6.94,6.77,6.81,648800.0,0.0,1.0,6.85,6.94,6.77,6.81,648800.0
2006-10-26,6.66,6.88,6.6,6.83,2214900.0,0.0,1.0,6.66,6.88,6.6,6.83,2214900.0
2006-10-25,6.51,6.72,6.47,6.61,1496600.0,0.0,1.0,6.51,6.72,6.47,6.61,1496600.0
2006-10-24,6.49,6.62,6.4,6.54,862200.0,0.0,1.0,6.49,6.62,6.4,6.54,862200.0
2006-10-23,6.42,6.54,6.41,6.48,619100.0,0.0,1.0,6.42,6.54,6.41,6.48,619100.0
2006-10-20,6.52,6.52,6.43,6.47,730000.0,0.0,1.0,6.52,6.52,6.43,6.47,730000.0
2006-10-19,6.52,6.54,6.43,6.48,858200.0,0.0,1.0,6.52,6.54,6.43,6.48,858200.0
2006-10-18,6.52,6.63,6.49,6.5,921500.0,0.0,1.0,6.52,6.63,6.49,6.5,921500.0
2006-10-17,6.5,6.63,6.44,6.46,1009400.0,0.0,1.0,6.5,6.63,6.44,6.46,1009400.0
2006-10-16,6.53,6.61,6.47,6.57,1364000.0,0.0,1.0,6.53,6.61,6.47,6.57,1364000.0
2006-10-13,6.49,6.58,6.4,6.5,733600.0,0.0,1.0,6.49,6.58,6.4,6.5,733600.0
2006-10-12,6.21,6.46,6.21,6.45,482200.0,0.0,1.0,6.21,6.46,6.21,6.45,482200.0
2006-10-11,6.19,6.25,6.11,6.21,6909000.0,0.0,1.0,6.19,6.25,6.11,6.21,6909000.0
2006-10-10,6.16,6.2,6.11,6.19,328300.0,0.0,1.0,6.16,6.2,6.11,6.19,328300.0
2006-10-09,5.96,6.22,5.96,6.18,553900.0,0.0,1.0,5.96,6.22,5.96,6.18,553900.0
2006-10-06,6.0,6.03,5.96,5.97,3732200.0,0.0,1.0,6.0,6.03,5.96,5.97,3732200.0
2006-10-05,6.1,6.15,5.97,6.0,1396400.0,0.0,1.0,6.1,6.15,5.97,6.0,1396400.0
2006-10-04,6.25,6.29,6.09,6.12,741200.0,0.0,1.0,6.25,6.29,6.09,6.12,741200.0
2006-10-03,6.19,6.4,6.12,6.28,297500.0,0.0,1.0,6.19,6.4,6.12,6.28,297500.0
2006-10-02,6.22,6.36,6.17,6.23,370000.0,0.0,1.0,6.22,6.36,6.17,6.23,370000.0
2006-09-29,6.21,6.43,6.21,6.25,532700.0,0.0,1.0,6.21,6.43,6.21,6.25,532700.0
2006-09-28,6.29,6.3,6.19,6.22,642700.0,0.0,1.0,6.29,6.3,6.19,6.22,642700.0
2006-09-27,6.28,6.32,6.2,6.28,985500.0,0.0,1.0,6.28,6.32,6.2,6.28,985500.0
2006-09-26,6.35,6.44,6.28,6.31,530800.0,0.0,1.0,6.35,6.44,6.28,6.31,530800.0
2006-09-25,6.31,6.4,6.28,6.33,205800.0,0.0,1.0,6.31,6.4,6.28,6.33,205800.0
2006-09-22,6.28,6.33,6.27,6.31,463300.0,0.0,1.0,6.28,6.33,6.27,6.31,463300.0
2006-09-21,6.36,6.49,6.28,6.32,390300.0,0.0,1.0,6.36,6.49,6.28,6.32,390300.0
2006-09-20,6.39,6.45,6.27,6.37,417000.0,0.0,1.0,6.39,6.45,6.27,6.37,417000.0
2006-09-19,6.37,6.4,6.27,6.32,362100.0,0.0,1.0,6.37,6.4,6.27,6.32,362100.0
2006-09-18,6.25,6.46,6.2,6.39,415800.0,0.0,1.0,6.25,6.46,6.2,6.39,415800.0
2006-09-15,6.41,6.47,6.26,6.28,1024500.0,0.0,1.0,6.41,6.47,6.26,6.28,1024500.0
2006-09-14,6.41,6.42,6.27,6.35,260700.0,0.0,1.0,6.41,6.42,6.27,6.35,260700.0
2006-09-13,6.46,6.53,6.27,6.41,374600.0,0.0,1.0,6.46,6.53,6.27,6.41,374600.0
2006-09-12,6.2,6.47,6.19,6.43,403600.0,0.0,1.0,6.2,6.47,6.19,6.43,403600.0
2006-09-11,6.24,6.24,6.01,6.22,631500.0,0.0,1.0,6.24,6.24,6.01,6.22,631500.0
2006-09-08,6.29,6.39,6.22,6.29,534100.0,0.0,1.0,6.29,6.39,6.22,6.29,534100.0
2006-09-07,6.27,6.42,6.22,6.31,337200.0,0.0,1.0,6.27,6.42,6.22,6.31,337200.0
2006-09-06,6.22,6.36,6.21,6.27,545200.0,0.0,1.0,6.22,6.36,6.21,6.27,545200.0
2006-09-05,6.12,6.34,6.12,6.28,934400.0,0.0,1.0,6.12,6.34,6.12,6.28,934400.0
2006-09-01,6.14,6.2,6.12,6.14,524300.0,0.0,1.0,6.14,6.2,6.12,6.14,524300.0
2006-08-31,6.15,6.26,6.1,6.14,511700.0,0.0,1.0,6.15,6.26,6.1,6.14,511700.0
2006-08-30,6.07,7.0,5.99,6.11,575300.0,0.0,1.0,6.07,7.0,5.99,6.11,575300.0
2006-08-29,5.96,6.07,5.87,6.03,319500.0,0.0,1.0,5.96,6.07,5.87,6.03,319500.0
2006-08-28,5.86,5.96,5.79,5.92,694400.0,0.0,1.0,5.86,5.96,5.79,5.92,694400.0
2006-08-25,5.81,5.84,5.71,5.82,263700.0,0.0,1.0,5.81,5.84,5.71,5.82,263700.0
2006-08-24,5.85,5.86,5.66,5.79,683700.0,0.0,1.0,5.85,5.86,5.66,5.79,683700.0
2006-08-23,5.85,5.88,5.7,5.81,384600.0,0.0,1.0,5.85,5.88,5.7,5.81,384600.0
2006-08-22,5.79,5.85,5.73,5.84,603300.0,0.0,1.0,5.79,5.85,5.73,5.84,603300.0
2006-08-21,5.79,5.85,5.76,5.76,337600.0,0.0,1.0,5.79,5.85,5.76,5.76,337600.0
2006-08-18,5.8,5.84,5.76,5.79,393500.0,0.0,1.0,5.8,5.84,5.76,5.79,393500.0
2006-08-17,5.88,5.88,5.68,5.84,1400500.0,0.0,1.0,5.88,5.88,5.68,5.84,1400500.0
2006-08-16,5.97,5.99,5.86,5.89,1038400.0,0.0,1.0,5.97,5.99,5.86,5.89,1038400.0
2006-08-15,5.93,5.95,5.81,5.9,596300.0,0.0,1.0,5.93,5.95,5.81,5.9,596300.0
2006-08-14,5.76,5.84,5.69,5.78,411400.0,0.0,1.0,5.76,5.84,5.69,5.78,411400.0
2006-08-11,5.7,5.79,5.68,5.73,679400.0,0.0,1.0,5.7,5.79,5.68,5.73,679400.0
2006-08-10,5.73,5.77,5.6,5.69,520700.0,0.0,1.0,5.73,5.77,5.6,5.69,520700.0
2006-08-09,5.96,6.0,5.68,5.79,1173600.0,0.0,1.0,5.96,6.0,5.68,5.79,1173600.0
2006-08-08,6.14,6.2,5.83,5.95,1258700.0,0.0,1.0,6.14,6.2,5.83,5.95,1258700.0
2006-08-07,6.97,6.97,6.08,6.14,1405700.0,0.0,1.0,6.97,6.97,6.08,6.14,1405700.0
2006-08-04,7.03,7.03,6.87,7.02,453700.0,0.0,1.0,7.03,7.03,6.87,7.02,453700.0
2006-08-03,6.94,6.97,6.58,6.94,373700.0,0.0,1.0,6.94,6.97,6.58,6.94,373700.0
2006-08-02,7.07,7.08,6.9,6.97,369500.0,0.0,1.0,7.07,7.08,6.9,6.97,369500.0
2006-08-01,7.03,7.07,6.92,7.01,535900.0,0.0,1.0,7.03,7.07,6.92,7.01,535900.0
2006-07-31,7.21,7.24,7.16,7.18,270700.0,0.0,1.0,7.21,7.24,7.16,7.18,270700.0
2006-07-28,7.03,7.32,7.03,7.19,316100.0,0.0,1.0,7.03,7.32,7.03,7.19,316100.0
2006-07-27,6.97,7.03,6.93,6.96,409600.0,0.0,1.0,6.97,7.03,6.93,6.96,409600.0
2006-07-26,6.9,7.01,6.9,6.93,700000.0,0.0,1.0,6.9,7.01,6.9,6.93,700000.0
2006-07-25,6.82,6.96,6.71,6.94,765500.0,0.0,1.0,6.82,6.96,6.71,6.94,765500.0
2006-07-24,6.84,6.9,6.75,6.81,583700.0,0.0,1.0,6.84,6.9,6.75,6.81,583700.0
2006-07-21,6.83,6.9,6.7,6.79,1175400.0,0.0,1.0,6.83,6.9,6.7,6.79,1175400.0
2006-07-20,7.07,7.07,6.81,6.86,670500.0,0.0,1.0,7.07,7.07,6.81,6.86,670500.0
2006-07-19,6.94,7.08,6.89,7.03,1172100.0,0.0,1.0,6.94,7.08,6.89,7.03,1172100.0
2006-07-18,6.93,6.99,6.88,6.93,646000.0,0.0,1.0,6.93,6.99,6.88,6.93,646000.0
2006-07-17,6.92,6.97,6.89,6.91,594700.0,0.0,1.0,6.92,6.97,6.89,6.91,594700.0
2006-07-14,7.07,7.11,6.84,6.9,797400.0,0.0,1.0,7.07,7.11,6.84,6.9,797400.0
2006-07-13,7.2,7.25,7.07,7.1,620800.0,0.0,1.0,7.2,7.25,7.07,7.1,620800.0
2006-07-12,7.37,7.45,7.21,7.22,567700.0,0.0,1.0,7.37,7.45,7.21,7.22,567700.0
2006-07-11,7.44,7.52,7.36,7.4,435600.0,0.0,1.0,7.44,7.52,7.36,7.4,435600.0
2006-07-10,7.47,7.58,7.39,7.42,660200.0,0.0,1.0,7.47,7.58,7.39,7.42,660200.0
2006-07-07,7.47,7.47,7.34,7.41,565200.0,0.0,1.0,7.47,7.47,7.34,7.41,565200.0
2006-07-06,7.5,7.59,7.39,7.46,749600.0,0.0,1.0,7.5,7.59,7.39,7.46,749600.0
2006-07-05,7.58,7.61,7.41,7.47,650000.0,0.0,1.0,7.58,7.61,7.41,7.47,650000.0
2006-07-03,7.4,7.77,7.36,7.64,880200.0,0.0,1.0,7.4,7.77,7.36,7.64,880200.0
2006-06-30,7.28,7.42,7.2,7.4,1373500.0,0.0,1.0,7.28,7.42,7.2,7.4,1373500.0
2006-06-29,7.1,7.24,7.02,7.23,816000.0,0.0,1.0,7.1,7.24,7.02,7.23,816000.0
2006-06-28,7.15,7.17,6.98,7.05,544200.0,0.0,1.0,7.15,7.17,6.98,7.05,544200.0
2006-06-27,7.26,7.28,7.1,7.12,843100.0,0.0,1.0,7.26,7.28,7.1,7.12,843100.0
2006-06-26,7.18,7.34,7.17,7.24,455200.0,0.0,1.0,7.18,7.34,7.17,7.24,455200.0
2006-06-23,7.17,7.21,6.99,7.15,395400.0,0.0,1.0,7.17,7.21,6.99,7.15,395400.0
2006-06-22,7.15,7.28,7.1,7.22,725000.0,0.0,1.0,7.15,7.28,7.1,7.22,725000.0
2006-06-21,7.0,7.23,6.88,7.19,809200.0,0.0,1.0,7.0,7.23,6.88,7.19,809200.0
2006-06-20,6.85,7.05,6.85,6.98,413100.0,0.0,1.0,6.85,7.05,6.85,6.98,413100.0
2006-06-19,7.02,7.05,6.87,6.88,285400.0,0.0,1.0,7.02,7.05,6.87,6.88,285400.0
2006-06-16,7.03,7.09,6.93,7.01,1183200.0,0.0,1.0,7.03,7.09,6.93,7.01,1183200.0
2006-06-15,7.03,7.11,6.89,7.05,494600.0,0.0,1.0,7.03,7.11,6.89,7.05,494600.0
2006-06-14,6.98,7.03,6.94,7.02,447600.0,0.0,1.0,6.98,7.03,6.94,7.02,447600.0
2006-06-13,7.1,7.33,6.99,7.0,329000.0,0.0,1.0,7.1,7.33,6.99,7.0,329000.0
2006-06-12,7.24,7.24,7.05,7.11,728000.0,0.0,1.0,7.24,7.24,7.05,7.11,728000.0
2006-06-09,7.27,7.38,7.17,7.25,583300.0,0.0,1.0,7.27,7.38,7.17,7.25,583300.0
2006-06-08,7.11,7.31,7.02,7.22,1148400.0,0.0,1.0,7.11,7.31,7.02,7.22,1148400.0
2006-06-07,7.22,7.27,7.12,7.18,1080300.0,0.0,1.0,7.22,7.27,7.12,7.18,1080300.0
2006-06-06,7.17,7.26,7.08,7.23,1120000.0,0.0,1.0,7.17,7.26,7.08,7.23,1120000.0
2006-06-05,7.43,7.48,7.12,7.17,1150200.0,0.0,1.0,7.43,7.48,7.12,7.17,1150200.0
2006-06-02,7.55,7.6,7.35,7.42,711100.0,0.0,1.0,7.55,7.6,7.35,7.42,711100.0
2006-06-01,7.36,7.53,7.29,7.48,1604300.0,0.0,1.0,7.36,7.53,7.29,7.48,1604300.0
2006-05-31,7.62,7.63,7.2,7.33,1823100.0,0.0,1.0,7.62,7.63,7.2,7.33,1823100.0
2006-05-30,7.8,7.81,7.55,7.58,661300.0,0.0,1.0,7.8,7.81,7.55,7.58,661300.0
2006-05-26,7.87,7.97,7.75,7.81,414900.0,0.0,1.0,7.87,7.97,7.75,7.81,414900.0
2006-05-25,7.85,7.88,7.79,7.86,457200.0,0.0,1.0,7.85,7.88,7.79,7.86,457200.0
2006-05-24,7.78,7.91,7.65,7.84,931000.0,0.0,1.0,7.78,7.91,7.65,7.84,931000.0
2006-05-23,8.03,8.1,7.78,7.79,706900.0,0.0,1.0,8.03,8.1,7.78,7.79,706900.0
2006-05-22,7.86,8.06,7.79,7.98,963400.0,0.0,1.0,7.86,8.06,7.79,7.98,963400.0
2006-05-19,7.95,8.1,7.79,7.89,1239100.0,0.0,1.0,7.95,8.1,7.79,7.89,1239100.0
2006-05-18,8.14,8.16,7.95,7.97,1019400.0,0.0,1.0,8.14,8.16,7.95,7.97,1019400.0
2006-05-17,8.2,8.3,8.09,8.09,1412100.0,0.0,1.0,8.2,8.3,8.09,8.09,1412100.0
2006-05-16,8.15,8.35,8.05,8.29,1021200.0,0.0,1.0,8.15,8.35,8.05,8.29,1021200.0
2006-05-15,8.0,8.2,7.97,8.13,1048600.0,0.0,1.0,8.0,8.2,7.97,8.13,1048600.0
2006-05-12,8.18,8.18,7.88,8.06,884800.0,0.0,1.0,8.18,8.18,7.88,8.06,884800.0
2006-05-11,8.44,8.44,8.23,8.24,696600.0,0.0,1.0,8.44,8.44,8.23,8.24,696600.0
2006-05-10,8.45,8.53,8.37,8.47,914000.0,0.0,1.0,8.45,8.53,8.37,8.47,914000.0
2006-05-09,8.34,8.46,8.12,8.46,1297600.0,0.0,1.0,8.34,8.46,8.12,8.46,1297600.0
2006-05-08,8.05,8.49,8.02,8.35,2436900.0,0.0,1.0,8.05,8.49,8.02,8.35,2436900.0
2006-05-05,7.51,7.95,7.51,7.9,8978300.0,0.0,1.0,7.51,7.95,7.51,7.9,8978300.0
2006-05-04,7.3,7.7,7.21,7.52,2575800.0,0.0,1.0,7.3,7.7,7.21,7.52,2575800.0
2006-05-03,6.96,7.16,6.95,7.1,2105200.0,0.0,1.0,6.96,7.16,6.95,7.1,2105200.0
2006-05-02,7.03,7.16,6.89,6.93,2760300.0,0.0,1.0,7.03,7.16,6.89,6.93,2760300.0
2006-05-01,7.33,7.34,7.0,7.02,3471600.0,0.0,1.0,7.33,7.34,7.0,7.02,3471600.0
2006-04-28,7.68,7.68,7.17,7.19,2746400.0,0.0,1.0,7.68,7.68,7.17,7.19,2746400.0
2006-04-27,7.4,7.63,7.34,7.34,1059800.0,0.0,1.0,7.4,7.63,7.34,7.34,1059800.0
2006-04-26,7.46,7.5,7.35,7.42,852000.0,0.0,1.0,7.46,7.5,7.35,7.42,852000.0
2006-04-25,7.37,7.46,7.28,7.41,889200.0,0.0,1.0,7.37,7.46,7.28,7.41,889200.0
2006-04-24,7.45,7.47,7.32,7.34,1183200.0,0.0,1.0,7.45,7.47,7.32,7.34,1183200.0
2006-04-21,7.68,7.73,7.42,7.44,696400.0,0.0,1.0,7.68,7.73,7.42,7.44,696400.0
2006-04-20,7.61,7.7,7.58,7.68,800900.0,0.0,1.0,7.61,7.7,7.58,7.68,800900.0
2006-04-19,7.69,7.72,7.55,7.58,991100.0,0.0,1.0,7.69,7.72,7.55,7.58,991100.0
2006-04-18,7.85,7.87,7.5,7.66,1301100.0,0.0,1.0,7.85,7.87,7.5,7.66,1301100.0
2006-04-17,7.8,7.89,7.79,7.87,588700.0,0.0,1.0,7.8,7.89,7.79,7.87,588700.0
2006-04-13,7.64,7.9,7.6,7.78,454500.0,0.0,1.0,7.64,7.9,7.6,7.78,454500.0
2006-04-12,7.45,7.7,7.44,7.63,1049800.0,0.0,1.0,7.45,7.7,7.44,7.63,1049800.0
2006-04-11,8.02,8.02,7.41,7.49,1570200.0,0.0,1.0,8.02,8.02,7.41,7.49,1570200.0
2006-04-10,7.47,8.38,7.46,8.0,4557100.0,0.0,1.0,7.47,8.38,7.46,8.0,4557100.0
2006-04-07,7.55,7.67,7.37,7.4,880000.0,0.0,1.0,7.55,7.67,7.37,7.4,880000.0
2006-04-06,7.59,7.59,7.5,7.51,537200.0,0.0,1.0,7.59,7.59,7.5,7.51,537200.0
2006-04-05,7.72,7.85,7.55,7.61,684300.0,0.0,1.0,7.72,7.85,7.55,7.61,684300.0
2006-04-04,7.69,7.78,7.62,7.7,679400.0,0.0,1.0,7.69,7.78,7.62,7.7,679400.0
2006-04-03,7.46,7.74,7.46,7.67,699400.0,0.0,1.0,7.46,7.74,7.46,7.67,699400.0
2006-03-31,7.57,7.6,7.4,7.46,1626700.0,0.0,1.0,7.57,7.6,7.4,7.46,1626700.0
2006-03-30,7.74,7.76,7.53,7.56,1429900.0,0.0,1.0,7.74,7.76,7.53,7.56,1429900.0
2006-03-29,7.78,7.85,7.68,7.73,1319700.0,0.0,1.0,7.78,7.85,7.68,7.73,1319700.0
2006-03-28,7.78,7.88,7.77,7.8,475900.0,0.0,1.0,7.78,7.88,7.77,7.8,475900.0
2006-03-27,7.83,7.87,7.7,7.81,481100.0,0.0,1.0,7.83,7.87,7.7,7.81,481100.0
2006-03-24,7.71,7.83,7.65,7.81,782000.0,0.0,1.0,7.71,7.83,7.65,7.81,782000.0
2006-03-23,7.73,7.73,7.57,7.7,575200.0,0.0,1.0,7.73,7.73,7.57,7.7,575200.0
2006-03-22,7.71,7.83,7.58,7.69,836700.0,0.0,1.0,7.71,7.83,7.58,7.69,836700.0
2006-03-21,7.66,7.93,7.65,7.66,843300.0,0.0,1.0,7.66,7.93,7.65,7.66,843300.0
2006-03-20,7.87,7.95,7.84,7.91,1055700.0,0.0,1.0,7.87,7.95,7.84,7.91,1055700.0
2006-03-17,7.94,8.0,7.86,7.9,965300.0,0.0,1.0,7.94,8.0,7.86,7.9,965300.0
2006-03-16,8.04,8.05,7.87,7.9,443600.0,0.0,1.0,8.04,8.05,7.87,7.9,443600.0
2006-03-15,7.9,8.02,7.79,7.96,1196100.0,0.0,1.0,7.9,8.02,7.79,7.96,1196100.0
2006-03-14,7.75,7.88,7.68,7.79,1247200.0,0.0,1.0,7.75,7.88,7.68,7.79,1247200.0
2006-03-13,7.73,7.84,7.71,7.72,808600.0,0.0,1.0,7.73,7.84,7.71,7.72,808600.0
2006-03-10,7.64,7.74,7.6,7.7,1216900.0,0.0,1.0,7.64,7.74,7.6,7.7,1216900.0
2006-03-09,7.86,7.88,7.64,7.66,1867300.0,0.0,1.0,7.86,7.88,7.64,7.66,1867300.0
2006-03-08,7.96,8.01,7.77,7.86,1639600.0,0.0,1.0,7.96,8.01,7.77,7.86,1639600.0
2006-03-07,8.06,8.1,7.95,8.01,987600.0,0.0,1.0,8.06,8.1,7.95,8.01,987600.0
2006-03-06,8.22,8.22,7.99,8.05,1310500.0,0.0,1.0,8.22,8.22,7.99,8.05,1310500.0
2006-03-03,8.1,8.33,7.93,8.22,3655900.0,0.0,1.0,8.1,8.33,7.93,8.22,3655900.0
2006-03-02,8.26,8.38,8.1,8.13,2539400.0,0.0,1.0,8.26,8.38,8.1,8.13,2539400.0
2006-03-01,8.34,8.38,8.2,8.26,1169000.0,0.0,1.0,8.34,8.38,8.2,8.26,1169000.0
2006-02-28,8.86,8.86,8.26,8.34,2344900.0,0.0,1.0,8.86,8.86,8.26,8.34,2344900.0
2006-02-27,8.81,9.17,8.8,8.86,766800.0,0.0,1.0,8.81,9.17,8.8,8.86,766800.0
2006-02-24,9.09,9.09,8.7,8.81,1536000.0,0.0,1.0,9.09,9.09,8.7,8.81,1536000.0
2006-02-23,9.9,9.9,8.94,9.09,2539900.0,0.0,1.0,9.9,9.9,8.94,9.09,2539900.0
2006-02-22,10.07,10.16,9.93,10.14,582900.0,0.0,1.0,10.07,10.16,9.93,10.14,582900.0
2006-02-21,10.11,10.25,9.96,9.97,505600.0,0.0,1.0,10.11,10.25,9.96,9.97,505600.0
2006-02-17,10.17,10.23,9.99,10.05,428100.0,0.0,1.0,10.17,10.23,9.99,10.05,428100.0
2006-02-16,10.28,10.29,10.16,10.19,312500.0,0.0,1.0,10.28,10.29,10.16,10.19,312500.0
2006-02-15,10.25,10.3,10.11,10.21,204100.0,0.0,1.0,10.25,10.3,10.11,10.21,204100.0
2006-02-14,10.11,10.32,9.98,10.26,459300.0,0.0,1.0,10.11,10.32,9.98,10.26,459300.0
2006-02-13,10.12,10.12,9.98,10.05,241200.0,0.0,1.0,10.12,10.12,9.98,10.05,241200.0
2006-02-10,10.18,10.18,10.0,10.09,617400.0,0.0,1.0,10.18,10.18,10.0,10.09,617400.0
2006-02-09,10.12,10.29,10.11,10.15,391300.0,0.0,1.0,10.12,10.29,10.11,10.15,391300.0
2006-02-08,10.24,10.32,10.09,10.14,499500.0,0.0,1.0,10.24,10.32,10.09,10.14,499500.0
2006-02-07,10.28,10.4,10.18,10.19,588200.0,0.0,1.0,10.28,10.4,10.18,10.19,588200.0
2006-02-06,10.45,10.51,10.21,10.34,1411000.0,0.0,1.0,10.45,10.51,10.21,10.34,1411000.0
2006-02-03,10.5,10.52,10.3,10.39,1239000.0,0.0,1.0,10.5,10.52,10.3,10.39,1239000.0
2006-02-02,10.9,10.95,10.46,10.57,2089500.0,0.0,1.0,10.9,10.95,10.46,10.57,2089500.0
2006-02-01,10.95,11.02,10.77,10.93,904200.0,0.0,1.0,10.95,11.02,10.77,10.93,904200.0
2006-01-31,10.63,11.04,10.53,10.95,959300.0,0.0,1.0,10.63,11.04,10.53,10.95,959300.0
2006-01-30,10.62,10.66,10.5,10.61,724500.0,0.0,1.0,10.62,10.66,10.5,10.61,724500.0
2006-01-27,10.42,10.68,10.42,10.6,428800.0,0.0,1.0,10.42,10.68,10.42,10.6,428800.0
2006-01-26,10.4,10.45,10.32,10.44,255100.0,0.0,1.0,10.4,10.45,10.32,10.44,255100.0
2006-01-25,10.42,10.44,10.25,10.31,261700.0,0.0,1.0,10.42,10.44,10.25,10.31,261700.0
2006-01-24,10.35,10.44,10.33,10.39,239900.0,0.0,1.0,10.35,10.44,10.33,10.39,239900.0
2006-01-23,10.3,10.39,10.24,10.32,269300.0,0.0,1.0,10.3,10.39,10.24,10.32,269300.0
2006-01-20,10.32,10.38,10.23,10.25,321800.0,0.0,1.0,10.32,10.38,10.23,10.25,321800.0
2006-01-19,10.33,10.35,10.21,10.26,872000.0,0.0,1.0,10.33,10.35,10.21,10.26,872000.0
2006-01-18,10.2,10.32,10.2,10.28,709100.0,0.0,1.0,10.2,10.32,10.2,10.28,709100.0
2006-01-17,10.21,10.36,10.17,10.27,564800.0,0.0,1.0,10.21,10.36,10.17,10.27,564800.0
2006-01-13,10.4,10.46,10.17,10.31,594200.0,0.0,1.0,10.4,10.46,10.17,10.31,594200.0
2006-01-12,10.3,10.4,10.3,10.36,599300.0,0.0,1.0,10.3,10.4,10.3,10.36,599300.0
2006-01-11,10.47,10.51,10.31,10.34,875600.0,0.0,1.0,10.47,10.51,10.31,10.34,875600.0
2006-01-10,10.77,10.87,10.42,10.45,1136600.0,0.0,1.0,10.77,10.87,10.42,10.45,1136600.0
2006-01-09,10.69,10.97,10.61,10.83,1364500.0,0.0,1.0,10.69,10.97,10.61,10.83,1364500.0
2006-01-06,10.9,11.0,10.56,10.61,479900.0,0.0,1.0,10.9,11.0,10.56,10.61,479900.0
2006-01-05,10.43,10.65,10.43,10.54,362700.0,0.0,1.0,10.43,10.65,10.43,10.54,362700.0
2006-01-04,10.67,10.7,10.37,10.46,673600.0,0.0,1.0,10.67,10.7,10.37,10.46,673600.0
2006-01-03,10.4,10.72,10.24,10.66,854400.0,0.0,1.0,10.4,10.72,10.24,10.66,854400.0
2005-12-30,10.55,10.59,10.25,10.35,1039000.0,0.0,1.0,10.55,10.59,10.25,10.35,1039000.0
2005-12-29,10.68,10.75,10.58,10.6,735600.0,0.0,1.0,10.68,10.75,10.58,10.6,735600.0
2005-12-28,10.95,10.96,10.69,10.73,476300.0,0.0,1.0,10.95,10.96,10.69,10.73,476300.0
2005-12-27,10.85,11.06,10.84,10.85,449500.0,0.0,1.0,10.85,11.06,10.84,10.85,449500.0
2005-12-23,10.86,10.98,10.81,10.87,161900.0,0.0,1.0,10.86,10.98,10.81,10.87,161900.0
2005-12-22,10.85,10.96,10.72,10.81,244500.0,0.0,1.0,10.85,10.96,10.72,10.81,244500.0
2005-12-21,10.88,11.0,10.67,10.77,598200.0,0.0,1.0,10.88,11.0,10.67,10.77,598200.0
2005-12-20,10.9,10.95,10.72,10.8,317700.0,0.0,1.0,10.9,10.95,10.72,10.8,317700.0
2005-12-19,10.99,11.22,10.84,10.92,758300.0,0.0,1.0,10.99,11.22,10.84,10.92,758300.0
2005-12-16,10.93,10.96,10.8,10.91,710000.0,0.0,1.0,10.93,10.96,10.8,10.91,710000.0
2005-12-15,10.79,10.93,10.69,10.82,517000.0,0.0,1.0,10.79,10.93,10.69,10.82,517000.0
2005-12-14,10.8,10.95,10.69,10.76,448300.0,0.0,1.0,10.8,10.95,10.69,10.76,448300.0
2005-12-13,11.0,11.05,10.77,10.78,453400.0,0.0,1.0,11.0,11.05,10.77,10.78,453400.0
2005-12-12,11.0,11.18,10.93,11.01,812300.0,0.0,1.0,11.0,11.18,10.93,11.01,812300.0
2005-12-09,10.9,11.04,10.71,11.03,535400.0,0.0,1.0,10.9,11.04,10.71,11.03,535400.0
2005-12-08,10.74,10.95,10.73,10.86,673000.0,0.0,1.0,10.74,10.95,10.73,10.86,673000.0
2005-12-07,11.11,11.11,10.75,10.79,847500.0,0.0,1.0,11.11,11.11,10.75,10.79,847500.0
2005-12-06,11.25,11.26,11.02,11.05,480200.0,0.0,1.0,11.25,11.26,11.02,11.05,480200.0
2005-12-05,11.2,11.25,11.09,11.18,636800.0,0.0,1.0,11.2,11.25,11.09,11.18,636800.0
2005-12-02,11.15,11.22,11.1,11.21,676200.0,0.0,1.0,11.15,11.22,11.1,11.21,676200.0
2005-12-01,11.09,11.21,10.99,11.11,851200.0,0.0,1.0,11.09,11.21,10.99,11.11,851200.0
2005-11-30,10.99,11.1,10.93,11.06,1876800.0,0.0,1.0,10.99,11.1,10.93,11.06,1876800.0
2005-11-29,11.0,11.0,10.94,10.99,1617900.0,0.0,1.0,11.0,11.0,10.94,10.99,1617900.0
2005-11-28,11.03,11.07,10.91,10.96,1092200.0,0.0,1.0,11.03,11.07,10.91,10.96,1092200.0
2005-11-25,11.16,11.25,10.98,11.01,262200.0,0.0,1.0,11.16,11.25,10.98,11.01,262200.0
2005-11-23,11.16,11.29,10.99,11.2,1246200.0,0.0,1.0,11.16,11.29,10.99,11.2,1246200.0
2005-11-22,10.82,10.9,10.65,10.86,1333400.0,0.0,1.0,10.82,10.9,10.65,10.86,1333400.0
2005-11-21,10.83,10.97,10.67,10.81,1435300.0,0.0,1.0,10.83,10.97,10.67,10.81,1435300.0
2005-11-18,10.42,10.86,10.35,10.78,1406800.0,0.0,1.0,10.42,10.86,10.35,10.78,1406800.0
2005-11-17,10.36,10.47,10.27,10.34,686000.0,0.0,1.0,10.36,10.47,10.27,10.34,686000.0
2005-11-16,10.4,10.45,10.22,10.31,571100.0,0.0,1.0,10.4,10.45,10.22,10.31,571100.0
2005-11-15,10.35,10.59,10.34,10.44,1151900.0,0.0,1.0,10.35,10.59,10.34,10.44,1151900.0
2005-11-14,10.66,10.73,10.28,10.4,2684500.0,0.0,1.0,10.66,10.73,10.28,10.4,2684500.0
2005-11-11,10.78,10.78,10.62,10.69,811300.0,0.0,1.0,10.78,10.78,10.62,10.69,811300.0
2005-11-10,10.97,10.97,10.71,10.73,1012700.0,0.0,1.0,10.97,10.97,10.71,10.73,1012700.0
2005-11-09,11.02,11.1,10.88,10.94,840900.0,0.0,1.0,11.02,11.1,10.88,10.94,840900.0
2005-11-08,11.0,11.12,10.82,10.99,1562200.0,0.0,1.0,11.0,11.12,10.82,10.99,1562200.0
2005-11-07,11.27,11.31,10.95,11.13,1254300.0,0.0,1.0,11.27,11.31,10.95,11.13,1254300.0
2005-11-04,12.18,12.18,11.18,11.25,1018100.0,0.0,1.0,12.18,12.18,11.18,11.25,1018100.0
2005-11-03,12.22,12.23,12.1,12.2,546700.0,0.0,1.0,12.22,12.23,12.1,12.2,546700.0
2005-11-02,11.8,12.11,11.78,12.11,423400.0,0.0,1.0,11.8,12.11,11.78,12.11,423400.0
2005-11-01,11.75,11.87,11.67,11.72,283800.0,0.0,1.0,11.75,11.87,11.67,11.72,283800.0
2005-10-31,11.61,11.96,11.55,11.8,893500.0,0.0,1.0,11.61,11.96,11.55,11.8,893500.0
2005-10-28,11.56,11.66,11.5,11.55,475500.0,0.0,1.0,11.56,11.66,11.5,11.55,475500.0
2005-10-27,11.64,11.67,11.49,11.51,483400.0,0.0,1.0,11.64,11.67,11.49,11.51,483400.0
2005-10-26,11.65,11.8,11.59,11.67,513700.0,0.0,1.0,11.65,11.8,11.59,11.67,513700.0
2005-10-25,11.47,11.71,11.4,11.68,662600.0,0.0,1.0,11.47,11.71,11.4,11.68,662600.0
2005-10-24,11.22,11.6,11.2,11.53,920500.0,0.0,1.0,11.22,11.6,11.2,11.53,920500.0
2005-10-21,11.22,11.48,11.19,11.19,288200.0,0.0,1.0,11.22,11.48,11.19,11.19,288200.0
2005-10-20,11.49,11.52,11.13,11.27,577200.0,0.0,1.0,11.49,11.52,11.13,11.27,577200.0
2005-10-19,11.62,11.62,11.36,11.49,910600.0,0.0,1.0,11.62,11.62,11.36,11.49,910600.0
2005-10-18,11.79,11.82,11.55,11.6,438000.0,0.0,1.0,11.79,11.82,11.55,11.6,438000.0
2005-10-17,11.92,11.99,11.66,11.76,441000.0,0.0,1.0,11.92,11.99,11.66,11.76,441000.0
2005-10-14,12.12,12.13,11.9,11.94,1297100.0,0.0,1.0,12.12,12.13,11.9,11.94,1297100.0
2005-10-13,12.18,12.22,11.92,12.06,440800.0,0.0,1.0,12.18,12.22,11.92,12.06,440800.0
2005-10-12,12.37,12.44,12.14,12.21,988600.0,0.0,1.0,12.37,12.44,12.14,12.21,988600.0
2005-10-11,12.76,12.81,12.38,12.4,1511900.0,0.0,1.0,12.76,12.81,12.38,12.4,1511900.0
2005-10-10,12.87,12.95,12.64,12.72,612000.0,0.0,1.0,12.87,12.95,12.64,12.72,612000.0
2005-10-07,12.6,12.89,12.51,12.84,514600.0,0.0,1.0,12.6,12.89,12.51,12.84,514600.0
2005-10-06,12.51,12.71,12.48,12.54,810500.0,0.0,1.0,12.51,12.71,12.48,12.54,810500.0
2005-10-05,12.9,13.03,12.52,12.52,601500.0,0.0,1.0,12.9,13.03,12.52,12.52,601500.0
2005-10-04,13.07,13.16,12.91,12.97,528100.0,0.0,1.0,13.07,13.16,12.91,12.97,528100.0
2005-10-03,13.14,13.25,12.95,13.05,411800.0,0.0,1.0,13.14,13.25,12.95,13.05,411800.0
2005-09-30,13.22,13.31,13.1,13.15,384700.0,0.0,1.0,13.22,13.31,13.1,13.15,384700.0
2005-09-29,13.29,13.44,13.18,13.24,864700.0,0.0,1.0,13.29,13.44,13.18,13.24,864700.0
2005-09-28,13.22,13.35,13.2,13.27,531400.0,0.0,1.0,13.22,13.35,13.2,13.27,531400.0
2005-09-27,13.34,13.35,13.05,13.2,616000.0,0.0,1.0,13.34,13.35,13.05,13.2,616000.0
2005-09-26,13.2,13.39,13.11,13.36,1170000.0,0.0,1.0,13.2,13.39,13.11,13.36,1170000.0
2005-09-23,12.97,13.23,12.94,13.13,1249200.0,0.0,1.0,12.97,13.23,12.94,13.13,1249200.0
2005-09-22,13.12,13.13,12.96,13.05,756200.0,0.0,1.0,13.12,13.13,12.96,13.05,756200.0
2005-09-21,13.26,13.32,12.84,13.15,1021700.0,0.0,1.0,13.26,13.32,12.84,13.15,1021700.0
2005-09-20,13.47,13.56,13.22,13.32,2026700.0,0.0,1.0,13.47,13.56,13.22,13.32,2026700.0
2005-09-19,13.65,13.65,13.44,13.45,460900.0,0.0,1.0,13.65,13.65,13.44,13.45,460900.0
2005-09-16,13.49,13.81,13.36,13.68,1284700.0,0.0,1.0,13.49,13.81,13.36,13.68,1284700.0
2005-09-15,13.45,13.45,13.35,13.4,230800.0,0.0,1.0,13.45,13.45,13.35,13.4,230800.0
2005-09-14,13.53,13.59,13.41,13.42,324800.0,0.0,1.0,13.53,13.59,13.41,13.42,324800.0
2005-09-13,13.52,13.58,13.38,13.53,528400.0,0.0,1.0,13.52,13.58,13.38,13.53,528400.0
2005-09-12,13.55,13.58,13.52,13.55,296500.0,0.0,1.0,13.55,13.58,13.52,13.55,296500.0
2005-09-09,13.57,13.63,13.5,13.57,430400.0,0.0,1.0,13.57,13.63,13.5,13.57,430400.0
2005-09-08,13.51,13.6,13.4,13.56,446500.0,0.0,1.0,13.51,13.6,13.4,13.56,446500.0
2005-09-07,13.66,13.75,13.4,13.58,478100.0,0.0,1.0,13.66,13.75,13.4,13.58,478100.0
2005-09-06,13.65,13.75,13.55,13.75,340000.0,0.0,1.0,13.65,13.75,13.55,13.75,340000.0
2005-09-02,13.96,13.97,13.63,13.64,517700.0,0.0,1.0,13.96,13.97,13.63,13.64,517700.0
2005-09-01,13.99,14.15,13.9,13.99,261400.0,0.0,1.0,13.99,14.15,13.9,13.99,261400.0
2005-08-31,14.05,14.07,13.91,13.98,388200.0,0.0,1.0,14.05,14.07,13.91,13.98,388200.0
2005-08-30,14.17,14.17,13.88,14.04,295100.0,0.0,1.0,14.17,14.17,13.88,14.04,295100.0
2005-08-29,13.98,14.18,13.83,14.11,281700.0,0.0,1.0,13.98,14.18,13.83,14.11,281700.0
2005-08-26,14.05,14.15,13.86,14.07,552500.0,0.0,1.0,14.05,14.15,13.86,14.07,552500.0
2005-08-25,14.31,14.35,14.01,14.05,513200.0,0.0,1.0,14.31,14.35,14.01,14.05,513200.0
2005-08-24,14.31,14.47,14.2,14.27,608900.0,0.0,1.0,14.31,14.47,14.2,14.27,608900.0
2005-08-23,14.51,14.59,14.16,14.31,918600.0,0.0,1.0,14.51,14.59,14.16,14.31,918600.0
2005-08-22,13.89,14.57,13.86,14.52,1456700.0,0.0,1.0,13.89,14.57,13.86,14.52,1456700.0
2005-08-19,13.85,13.93,13.8,13.8,311100.0,0.0,1.0,13.85,13.93,13.8,13.8,311100.0
2005-08-18,13.95,13.95,13.78,13.85,640500.0,0.0,1.0,13.95,13.95,13.78,13.85,640500.0
2005-08-17,13.66,13.87,13.66,13.8,367100.0,0.0,1.0,13.66,13.87,13.66,13.8,367100.0
2005-08-16,13.94,13.95,13.64,13.7,477400.0,0.0,1.0,13.94,13.95,13.64,13.7,477400.0
2005-08-15,13.54,13.92,13.44,13.91,815200.0,0.0,1.0,13.54,13.92,13.44,13.91,815200.0
2005-08-12,13.49,13.65,13.22,13.6,939000.0,0.0,1.0,13.49,13.65,13.22,13.6,939000.0
2005-08-11,13.42,13.62,13.34,13.55,558600.0,0.0,1.0,13.42,13.62,13.34,13.55,558600.0
2005-08-10,13.55,13.77,13.38,13.44,542900.0,0.0,1.0,13.55,13.77,13.38,13.44,542900.0
2005-08-09,13.05,13.48,13.04,13.48,673500.0,0.0,1.0,13.05,13.48,13.04,13.48,673500.0
2005-08-08,13.0,13.17,12.98,13.07,319300.0,0.0,1.0,13.0,13.17,12.98,13.07,319300.0
2005-08-05,13.22,13.22,12.9,12.98,316500.0,0.0,1.0,13.22,13.22,12.9,12.98,316500.0
2005-08-04,13.37,13.37,12.81,13.17,816400.0,0.0,1.0,13.37,13.37,12.81,13.17,816400.0
2005-08-03,13.53,13.57,13.15,13.23,643000.0,0.0,1.0,13.53,13.57,13.15,13.23,643000.0
2005-08-02,13.44,13.6,13.39,13.57,718300.0,0.0,1.0,13.44,13.6,13.39,13.57,718300.0
2005-08-01,13.28,13.51,13.1,13.41,671800.0,0.0,1.0,13.28,13.51,13.1,13.41,671800.0
2005-07-29,13.15,13.28,13.06,13.21,491600.0,0.0,1.0,13.15,13.28,13.06,13.21,491600.0
2005-07-28,13.06,13.23,12.89,13.16,932300.0,0.0,1.0,13.06,13.23,12.89,13.16,932300.0
2005-07-27,13.19,13.24,13.06,13.08,645200.0,0.0,1.0,13.19,13.24,13.06,13.08,645200.0
2005-07-26,13.19,13.34,13.1,13.22,524700.0,0.0,1.0,13.19,13.34,13.1,13.22,524700.0
2005-07-25,13.1,13.32,13.01,13.08,576300.0,0.0,1.0,13.1,13.32,13.01,13.08,576300.0
2005-07-22,12.68,13.12,12.65,13.12,328700.0,0.0,1.0,12.68,13.12,12.65,13.12,328700.0
2005-07-21,12.96,12.99,12.65,12.65,439500.0,0.0,1.0,12.96,12.99,12.65,12.65,439500.0
2005-07-20,12.81,13.03,12.81,12.96,552900.0,0.0,1.0,12.81,13.03,12.81,12.96,552900.0
2005-07-19,12.62,12.98,12.61,12.87,512500.0,0.0,1.0,12.62,12.98,12.61,12.87,512500.0
2005-07-18,12.71,12.77,12.5,12.53,394500.0,0.0,1.0,12.71,12.77,12.5,12.53,394500.0
2005-07-15,12.57,12.7,12.48,12.67,853800.0,0.0,1.0,12.57,12.7,12.48,12.67,853800.0
2005-07-14,12.83,12.93,12.55,12.65,517300.0,0.0,1.0,12.83,12.93,12.55,12.65,517300.0
2005-07-13,12.97,12.99,12.53,12.76,407400.0,0.0,1.0,12.97,12.99,12.53,12.76,407400.0
2005-07-12,12.83,13.0,12.71,12.96,679500.0,0.0,1.0,12.83,13.0,12.71,12.96,679500.0
2005-07-11,12.81,12.9,12.69,12.86,622600.0,0.0,1.0,12.81,12.9,12.69,12.86,622600.0
2005-07-08,12.59,12.94,12.5,12.78,571300.0,0.0,1.0,12.59,12.94,12.5,12.78,571300.0
2005-07-07,12.62,12.68,12.46,12.57,576300.0,0.0,1.0,12.62,12.68,12.46,12.57,576300.0
2005-07-06,12.6,12.97,12.6,12.77,428600.0,0.0,1.0,12.6,12.97,12.6,12.77,428600.0
2005-07-05,12.76,12.78,12.5,12.74,670700.0,0.0,1.0,12.76,12.78,12.5,12.74,670700.0
2005-07-01,12.79,12.87,12.61,12.79,767200.0,0.0,1.0,12.79,12.87,12.61,12.79,767200.0
2005-06-30,13.2,13.23,12.76,12.77,965300.0,0.0,1.0,13.2,13.23,12.76,12.77,965300.0
2005-06-29,13.34,13.34,13.09,13.16,286800.0,0.0,1.0,13.34,13.34,13.09,13.16,286800.0
2005-06-28,13.11,13.44,13.04,13.33,529400.0,0.0,1.0,13.11,13.44,13.04,13.33,529400.0
2005-06-27,13.27,13.29,12.95,13.08,375800.0,0.0,1.0,13.27,13.29,12.95,13.08,375800.0
2005-06-24,13.25,13.6,13.05,13.24,3794400.0,0.0,1.0,13.25,13.6,13.05,13.24,3794400.0
2005-06-23,13.13,13.37,13.09,13.3,700900.0,0.0,1.0,13.13,13.37,13.09,13.3,700900.0
2005-06-22,13.12,13.24,13.06,13.1,651200.0,0.0,1.0,13.12,13.24,13.06,13.1,651200.0
2005-06-21,13.18,13.26,13.09,13.14,602700.0,0.0,1.0,13.18,13.26,13.09,13.14,602700.0
2005-06-20,13.0,13.22,12.94,13.14,1437600.0,0.0,1.0,13.0,13.22,12.94,13.14,1437600.0
2005-06-17,13.09,13.12,12.94,12.98,889300.0,0.0,1.0,13.09,13.12,12.94,12.98,889300.0
2005-06-16,13.29,13.29,13.05,13.09,864500.0,0.0,1.0,13.29,13.29,13.05,13.09,864500.0
2005-06-15,13.15,13.28,13.08,13.22,875700.0,0.0,1.0,13.15,13.28,13.08,13.22,875700.0
2005-06-14,13.48,13.61,13.12,13.18,1912400.0,0.0,1.0,13.48,13.61,13.12,13.18,1912400.0
2005-06-13,13.61,13.71,13.34,13.5,660700.0,0.0,1.0,13.61,13.71,13.34,13.5,660700.0
2005-06-10,13.43,13.69,13.4,13.58,408700.0,0.0,1.0,13.43,13.69,13.4,13.58,408700.0
2005-06-09,13.59,13.62,13.38,13.41,345400.0,0.0,1.0,13.59,13.62,13.38,13.41,345400.0
2005-06-08,13.39,13.74,13.39,13.6,615900.0,0.0,1.0,13.39,13.74,13.39,13.6,615900.0
2005-06-07,13.47,13.64,13.32,13.4,883800.0,0.0,1.0,13.47,13.64,13.32,13.4,883800.0
2005-06-06,13.18,13.6,13.11,13.51,1221400.0,0.0,1.0,13.18,13.6,13.11,13.51,1221400.0
2005-06-03,13.19,13.25,13.1,13.11,428700.0,0.0,1.0,13.19,13.25,13.1,13.11,428700.0
2005-06-02,12.76,13.22,12.69,13.21,744600.0,0.0,1.0,12.76,13.22,12.69,13.21,744600.0
2005-06-01,12.63,12.76,12.5,12.72,556900.0,0.0,1.0,12.63,12.76,12.5,12.72,556900.0
2005-05-31,12.63,12.66,12.48,12.6,521600.0,0.0,1.0,12.63,12.66,12.48,12.6,521600.0
2005-05-27,12.58,12.61,12.45,12.57,326400.0,0.0,1.0,12.58,12.61,12.45,12.57,326400.0
2005-05-26,12.61,12.65,12.37,12.5,643000.0,0.0,1.0,12.61,12.65,12.37,12.5,643000.0
2005-05-25,12.59,12.6,12.39,12.49,462800.0,0.0,1.0,12.59,12.6,12.39,12.49,462800.0
2005-05-24,12.62,12.65,12.47,12.6,250100.0,0.0,1.0,12.62,12.65,12.47,12.6,250100.0
2005-05-23,12.63,12.63,12.46,12.56,472000.0,0.0,1.0,12.63,12.63,12.46,12.56,472000.0
2005-05-20,12.51,12.61,12.42,12.57,527000.0,0.0,1.0,12.51,12.61,12.42,12.57,527000.0
2005-05-19,12.42,12.63,12.33,12.5,1248400.0,0.0,1.0,12.42,12.63,12.33,12.5,1248400.0
2005-05-18,12.54,12.62,12.3,12.44,1096000.0,0.0,1.0,12.54,12.62,12.3,12.44,1096000.0
2005-05-17,12.75,12.78,12.49,12.6,884000.0,0.0,1.0,12.75,12.78,12.49,12.6,884000.0
2005-05-16,13.0,13.0,12.74,12.8,300800.0,0.0,1.0,13.0,13.0,12.74,12.8,300800.0
2005-05-13,13.05,13.07,12.88,12.9,286800.0,0.0,1.0,13.05,13.07,12.88,12.9,286800.0
2005-05-12,12.99,13.17,12.98,13.05,496600.0,0.0,1.0,12.99,13.17,12.98,13.05,496600.0
2005-05-11,13.48,13.48,12.93,13.07,678500.0,0.0,1.0,13.48,13.48,12.93,13.07,678500.0
2005-05-10,13.47,13.67,13.29,13.42,1199600.0,0.0,1.0,13.47,13.67,13.29,13.42,1199600.0
2005-05-09,13.26,13.37,13.15,13.15,396000.0,0.0,1.0,13.26,13.37,13.15,13.15,396000.0
2005-05-06,13.05,13.27,13.03,13.23,553700.0,0.0,1.0,13.05,13.27,13.03,13.23,553700.0
2005-05-05,13.52,13.64,12.75,12.98,1708900.0,0.0,1.0,13.52,13.64,12.75,12.98,1708900.0
2005-05-04,13.53,13.7,13.37,13.51,434400.0,0.0,1.0,13.53,13.7,13.37,13.51,434400.0
2005-05-03,13.6,13.64,13.11,13.48,1784800.0,0.0,1.0,13.6,13.64,13.11,13.48,1784800.0
2005-05-02,13.01,13.22,12.99,13.09,515600.0,0.0,1.0,13.01,13.22,12.99,13.09,515600.0
2005-04-29,13.09,13.17,12.88,13.07,350400.0,0.0,1.0,13.09,13.17,12.88,13.07,350400.0
2005-04-28,13.25,13.32,13.01,13.06,373100.0,0.0,1.0,13.25,13.32,13.01,13.06,373100.0
2005-04-27,13.23,13.38,13.11,13.31,281700.0,0.0,1.0,13.23,13.38,13.11,13.31,281700.0
2005-04-26,13.37,13.41,13.21,13.26,267400.0,0.0,1.0,13.37,13.41,13.21,13.26,267400.0
2005-04-25,13.35,13.5,13.33,13.45,172200.0,0.0,1.0,13.35,13.5,13.33,13.45,172200.0
2005-04-22,13.62,13.75,13.39,13.39,449000.0,0.0,1.0,13.62,13.75,13.39,13.39,449000.0
2005-04-21,13.5,13.9,13.41,13.66,943700.0,0.0,1.0,13.5,13.9,13.41,13.66,943700.0
2005-04-20,13.62,13.67,13.43,13.5,506500.0,0.0,1.0,13.62,13.67,13.43,13.5,506500.0
2005-04-19,13.48,13.62,13.39,13.6,422200.0,0.0,1.0,13.48,13.62,13.39,13.6,422200.0
2005-04-18,13.33,13.46,13.24,13.42,481500.0,0.0,1.0,13.33,13.46,13.24,13.42,481500.0
2005-04-15,13.8,13.8,13.21,13.34,903400.0,0.0,1.0,13.8,13.8,13.21,13.34,903400.0
2005-04-14,13.95,14.01,13.71,13.74,603700.0,0.0,1.0,13.95,14.01,13.71,13.74,603700.0
2005-04-13,14.0,14.1,13.91,13.98,399700.0,0.0,1.0,14.0,14.1,13.91,13.98,399700.0
2005-04-12,14.22,14.33,13.93,14.02,591000.0,0.0,1.0,14.22,14.33,13.93,14.02,591000.0
2005-04-11,14.32,14.44,14.24,14.29,401100.0,0.0,1.0,14.32,14.44,14.24,14.29,401100.0
2005-04-08,14.51,14.75,14.17,14.39,618900.0,0.0,1.0,14.51,14.75,14.17,14.39,618900.0
2005-04-07,14.79,14.79,14.38,14.47,740200.0,0.0,1.0,14.79,14.79,14.38,14.47,740200.0
2005-04-06,15.0,15.05,14.62,14.71,917300.0,0.0,1.0,15.0,15.05,14.62,14.71,917300.0
2005-04-05,14.77,15.05,14.7,14.96,1225700.0,0.0,1.0,14.77,15.05,14.7,14.96,1225700.0
2005-04-04,14.93,14.93,14.66,14.77,636600.0,0.0,1.0,14.93,14.93,14.66,14.77,636600.0
2005-04-01,14.86,14.99,14.72,14.88,953500.0,0.0,1.0,14.86,14.99,14.72,14.88,953500.0
2005-03-31,14.51,14.79,14.29,14.75,899300.0,0.0,1.0,14.51,14.79,14.29,14.75,899300.0
2005-03-30,14.2,14.5,14.12,14.45,737800.0,0.0,1.0,14.2,14.5,14.12,14.45,737800.0
2005-03-29,14.15,14.3,14.13,14.15,572800.0,0.0,1.0,14.15,14.3,14.13,14.15,572800.0
2005-03-28,14.15,14.4,14.15,14.21,404200.0,0.0,1.0,14.15,14.4,14.15,14.21,404200.0
2005-03-24,14.29,14.29,14.11,14.16,662700.0,0.0,1.0,14.29,14.29,14.11,14.16,662700.0
2005-03-23,14.17,14.3,14.16,14.22,674600.0,0.0,1.0,14.17,14.3,14.16,14.22,674600.0
2005-03-22,14.34,14.34,14.13,14.18,832900.0,0.0,1.0,14.34,14.34,14.13,14.18,832900.0
2005-03-21,14.37,14.38,14.12,14.26,381600.0,0.0,1.0,14.37,14.38,14.12,14.26,381600.0
2005-03-18,14.11,14.33,14.03,14.25,963200.0,0.0,1.0,14.11,14.33,14.03,14.25,963200.0
2005-03-17,13.78,14.23,13.75,14.07,1384300.0,0.0,1.0,13.78,14.23,13.75,14.07,1384300.0
2005-03-16,13.43,13.43,13.26,13.38,895600.0,0.0,1.0,13.43,13.43,13.26,13.38,895600.0
2005-03-15,13.23,13.4,13.2,13.4,1267000.0,0.0,1.0,13.23,13.4,13.2,13.4,1267000.0
2005-03-14,13.21,13.48,13.2,13.21,767700.0,0.0,1.0,13.21,13.48,13.2,13.21,767700.0
2005-03-11,13.08,13.2,13.06,13.18,621400.0,0.0,1.0,13.08,13.2,13.06,13.18,621400.0
2005-03-10,13.42,13.42,13.06,13.06,556700.0,0.0,1.0,13.42,13.42,13.06,13.06,556700.0
2005-03-09,13.6,13.64,13.26,13.33,686800.0,0.0,1.0,13.6,13.64,13.26,13.33,686800.0
2005-03-08,13.77,13.79,13.6,13.6,388100.0,0.0,1.0,13.77,13.79,13.6,13.6,388100.0
2005-03-07,13.9,13.97,13.55,13.81,533200.0,0.0,1.0,13.9,13.97,13.55,13.81,533200.0
2005-03-04,13.96,14.0,13.84,13.91,667000.0,0.0,1.0,13.96,14.0,13.84,13.91,667000.0
2005-03-03,13.87,13.9,13.77,13.87,562200.0,0.0,1.0,13.87,13.9,13.77,13.87,562200.0
2005-03-02,13.91,13.91,13.63,13.83,1003400.0,0.0,1.0,13.91,13.91,13.63,13.83,1003400.0
2005-03-01,13.75,13.92,13.68,13.86,1110600.0,0.0,1.0,13.75,13.92,13.68,13.86,1110600.0
2005-02-28,13.74,13.8,13.59,13.67,981500.0,0.0,1.0,13.74,13.8,13.59,13.67,981500.0
2005-02-25,13.81,13.84,13.68,13.8,612100.0,0.0,1.0,13.81,13.84,13.68,13.8,612100.0
2005-02-24,13.8,13.88,13.5,13.77,751300.0,0.0,1.0,13.8,13.88,13.5,13.77,751300.0
2005-02-23,13.92,14.02,13.76,13.88,765300.0,0.0,1.0,13.92,14.02,13.76,13.88,765300.0
2005-02-22,13.82,13.96,13.75,13.87,479900.0,0.0,1.0,13.82,13.96,13.75,13.87,479900.0
2005-02-18,13.95,14.02,13.66,13.88,815700.0,0.0,1.0,13.95,14.02,13.66,13.88,815700.0
2005-02-17,14.62,14.62,13.95,13.95,1752800.0,0.0,1.0,14.62,14.62,13.95,13.95,1752800.0
2005-02-16,14.6,14.65,14.12,14.39,1024800.0,0.0,1.0,14.6,14.65,14.12,14.39,1024800.0
2005-02-15,14.6,14.75,14.57,14.66,429800.0,0.0,1.0,14.6,14.75,14.57,14.66,429800.0
2005-02-14,14.74,14.74,14.41,14.59,444400.0,0.0,1.0,14.74,14.74,14.41,14.59,444400.0
2005-02-11,14.54,14.85,14.42,14.7,443700.0,0.0,1.0,14.54,14.85,14.42,14.7,443700.0
2005-02-10,14.55,14.65,14.35,14.6,490300.0,0.0,1.0,14.55,14.65,14.35,14.6,490300.0
2005-02-09,14.61,14.67,14.43,14.47,338400.0,0.0,1.0,14.61,14.67,14.43,14.47,338400.0
2005-02-08,14.55,14.7,14.46,14.65,473200.0,0.0,1.0,14.55,14.7,14.46,14.65,473200.0
2005-02-07,14.53,14.63,14.17,14.54,705400.0,0.0,1.0,14.53,14.63,14.17,14.54,705400.0
2005-02-04,15.36,15.36,14.18,14.48,2338300.0,0.0,1.0,15.36,15.36,14.18,14.48,2338300.0
2005-02-03,15.57,15.57,15.36,15.44,366200.0,0.0,1.0,15.57,15.57,15.36,15.44,366200.0
2005-02-02,15.57,15.72,15.42,15.53,725900.0,0.0,1.0,15.57,15.72,15.42,15.53,725900.0
2005-02-01,15.63,15.74,15.53,15.63,595800.0,0.0,1.0,15.63,15.74,15.53,15.63,595800.0
2005-01-31,15.98,16.17,15.58,15.7,864900.0,0.0,1.0,15.98,16.17,15.58,15.7,864900.0
2005-01-28,15.87,16.06,15.87,15.98,444300.0,0.0,1.0,15.87,16.06,15.87,15.98,444300.0
2005-01-27,16.18,16.26,15.91,15.95,458400.0,0.0,1.0,16.18,16.26,15.91,15.95,458400.0
2005-01-26,15.98,16.26,15.97,16.2,856300.0,0.0,1.0,15.98,16.26,15.97,16.2,856300.0
2005-01-25,15.75,16.0,15.64,15.98,640400.0,0.0,1.0,15.75,16.0,15.64,15.98,640400.0
2005-01-24,15.7,15.75,15.6,15.72,673300.0,0.0,1.0,15.7,15.75,15.6,15.72,673300.0
2005-01-21,15.57,15.72,15.52,15.63,401100.0,0.0,1.0,15.57,15.72,15.52,15.63,401100.0
2005-01-20,15.54,15.74,15.5,15.51,978800.0,0.0,1.0,15.54,15.74,15.5,15.51,978800.0
2005-01-19,15.59,15.64,15.49,15.54,874800.0,0.0,1.0,15.59,15.64,15.49,15.54,874800.0
2005-01-18,15.31,15.58,15.23,15.58,748400.0,0.0,1.0,15.31,15.58,15.23,15.58,748400.0
2005-01-14,15.29,15.33,15.21,15.27,371500.0,0.0,1.0,15.29,15.33,15.21,15.27,371500.0
2005-01-13,15.25,15.37,15.18,15.27,389600.0,0.0,1.0,15.25,15.37,15.18,15.27,389600.0
2005-01-12,15.54,15.54,15.14,15.29,570900.0,0.0,1.0,15.54,15.54,15.14,15.29,570900.0
2005-01-11,15.68,15.68,15.38,15.52,536100.0,0.0,1.0,15.68,15.68,15.38,15.52,536100.0
2005-01-10,15.58,15.78,15.49,15.71,404100.0,0.0,1.0,15.58,15.78,15.49,15.71,404100.0
2005-01-07,15.68,15.69,15.34,15.52,409500.0,0.0,1.0,15.68,15.69,15.34,15.52,409500.0
2005-01-06,15.61,15.76,15.6,15.63,472300.0,0.0,1.0,15.61,15.76,15.6,15.63,472300.0
2005-01-05,15.87,15.99,15.47,15.65,855500.0,0.0,1.0,15.87,15.99,15.47,15.65,855500.0
2005-01-04,16.08,16.35,15.84,15.84,436900.0,0.0,1.0,16.08,16.35,15.84,15.84,436900.0
2005-01-03,16.08,16.43,15.99,16.1,522000.0,0.0,1.0,16.08,16.43,15.99,16.1,522000.0
2004-12-31,16.35,16.35,16.01,16.12,365000.0,0.0,1.0,16.35,16.35,16.01,16.12,365000.0
2004-12-30,16.02,16.36,16.02,16.29,470100.0,0.0,1.0,16.02,16.36,16.02,16.29,470100.0
2004-12-29,16.02,16.16,15.99,16.14,570000.0,0.0,1.0,16.02,16.16,15.99,16.14,570000.0
2004-12-28,16.07,16.29,16.03,16.08,398300.0,0.0,1.0,16.07,16.29,16.03,16.08,398300.0
2004-12-27,16.13,16.3,16.02,16.11,702700.0,0.0,1.0,16.13,16.3,16.02,16.11,702700.0
2004-12-23,15.85,16.11,15.74,16.11,862400.0,0.0,1.0,15.85,16.11,15.74,16.11,862400.0
2004-12-22,15.6,15.83,15.49,15.79,955700.0,0.0,1.0,15.6,15.83,15.49,15.79,955700.0
2004-12-21,15.37,15.67,15.37,15.65,526800.0,0.0,1.0,15.37,15.67,15.37,15.65,526800.0
2004-12-20,15.58,15.59,15.32,15.45,589100.0,0.0,1.0,15.58,15.59,15.32,15.45,589100.0
2004-12-17,15.22,15.57,15.22,15.54,613500.0,0.0,1.0,15.22,15.57,15.22,15.54,613500.0
2004-12-16,15.08,15.33,15.08,15.2,917600.0,0.0,1.0,15.08,15.33,15.08,15.2,917600.0
2004-12-15,14.66,15.26,14.66,15.17,1110900.0,0.0,1.0,14.66,15.26,14.66,15.17,1110900.0
2004-12-14,14.15,14.81,14.15,14.72,896100.0,0.0,1.0,14.15,14.81,14.15,14.72,896100.0
2004-12-13,14.2,14.35,14.1,14.31,419600.0,0.0,1.0,14.2,14.35,14.1,14.31,419600.0
2004-12-10,14.13,14.25,14.01,14.22,383600.0,0.0,1.0,14.13,14.25,14.01,14.22,383600.0
2004-12-09,13.77,14.25,13.77,14.18,853300.0,0.0,1.0,13.77,14.25,13.77,14.18,853300.0
2004-12-08,13.9,13.96,13.77,13.83,871900.0,0.0,1.0,13.9,13.96,13.77,13.83,871900.0
2004-12-07,14.02,14.27,13.91,13.93,888600.0,0.0,1.0,14.02,14.27,13.91,13.93,888600.0
2004-12-06,13.94,14.08,13.77,14.0,494000.0,0.0,1.0,13.94,14.08,13.77,14.0,494000.0
2004-12-03,13.92,14.03,13.69,13.99,1000700.0,0.0,1.0,13.92,14.03,13.69,13.99,1000700.0
2004-12-02,14.06,14.3,14.06,14.14,925500.0,0.0,1.0,14.06,14.3,14.06,14.14,925500.0
2004-12-01,14.05,14.18,13.85,14.14,624000.0,0.0,1.0,14.05,14.18,13.85,14.14,624000.0
2004-11-30,14.13,14.13,13.82,13.95,806200.0,0.0,1.0,14.13,14.13,13.82,13.95,806200.0
2004-11-29,14.07,14.37,13.93,14.05,643900.0,0.0,1.0,14.07,14.37,13.93,14.05,643900.0
2004-11-26,13.95,14.2,13.95,14.16,224100.0,0.0,1.0,13.95,14.2,13.95,14.16,224100.0
2004-11-24,13.9,14.08,13.9,14.01,481300.0,0.0,1.0,13.9,14.08,13.9,14.01,481300.0
2004-11-23,13.19,13.94,13.1,13.94,2737200.0,0.0,1.0,13.19,13.94,13.1,13.94,2737200.0
2004-11-22,13.28,13.37,13.01,13.1,1407800.0,0.0,1.0,13.28,13.37,13.01,13.1,1407800.0
2004-11-19,13.62,13.82,13.29,13.34,562600.0,0.0,1.0,13.62,13.82,13.29,13.34,562600.0
2004-11-18,13.58,13.74,13.52,13.74,1114600.0,0.0,1.0,13.58,13.74,13.52,13.74,1114600.0
2004-11-17,13.78,13.9,13.58,13.66,431800.0,0.0,1.0,13.78,13.9,13.58,13.66,431800.0
2004-11-16,13.65,13.79,13.59,13.72,278500.0,0.0,1.0,13.65,13.79,13.59,13.72,278500.0
2004-11-15,13.81,13.85,13.57,13.63,567000.0,0.0,1.0,13.81,13.85,13.57,13.63,567000.0
2004-11-12,13.84,13.92,13.65,13.8,883800.0,0.0,1.0,13.84,13.92,13.65,13.8,883800.0
2004-11-11,14.12,14.2,13.86,13.89,717900.0,0.0,1.0,14.12,14.2,13.86,13.89,717900.0
2004-11-10,14.13,14.25,14.0,14.1,771400.0,0.0,1.0,14.13,14.25,14.0,14.1,771400.0
2004-11-09,13.87,14.2,13.87,14.14,812500.0,0.0,1.0,13.87,14.2,13.87,14.14,812500.0
2004-11-08,14.01,14.08,13.79,13.87,746500.0,0.0,1.0,14.01,14.08,13.79,13.87,746500.0
2004-11-05,14.25,14.4,14.0,14.07,1054200.0,0.0,1.0,14.25,14.4,14.0,14.07,1054200.0
2004-11-04,14.26,14.54,14.26,14.54,515500.0,0.0,1.0,14.26,14.54,14.26,14.54,515500.0
2004-11-03,14.41,14.63,14.25,14.33,322600.0,0.0,1.0,14.41,14.63,14.25,14.33,322600.0
2004-11-02,14.32,14.56,14.22,14.29,1013500.0,0.0,1.0,14.32,14.56,14.22,14.29,1013500.0
2004-11-01,14.6,14.69,14.23,14.31,1479000.0,0.0,1.0,14.6,14.69,14.23,14.31,1479000.0
2004-10-29,14.43,14.95,14.33,14.69,2082400.0,0.0,1.0,14.43,14.95,14.33,14.69,2082400.0
2004-10-28,14.4,14.47,14.24,14.38,399600.0,0.0,1.0,14.4,14.47,14.24,14.38,399600.0
2004-10-27,14.0,14.34,13.92,14.33,1190900.0,0.0,1.0,14.0,14.34,13.92,14.33,1190900.0
2004-10-26,13.86,14.02,13.76,13.99,2107100.0,0.0,1.0,13.86,14.02,13.76,13.99,2107100.0
2004-10-25,13.97,13.97,13.79,13.89,560500.0,0.0,1.0,13.97,13.97,13.79,13.89,560500.0
2004-10-22,14.06,14.08,13.8,13.93,989200.0,0.0,1.0,14.06,14.08,13.8,13.93,989200.0
2004-10-21,14.09,14.18,14.02,14.1,404400.0,0.0,1.0,14.09,14.18,14.02,14.1,404400.0
2004-10-20,13.93,14.14,13.87,14.13,374600.0,0.0,1.0,13.93,14.14,13.87,14.13,374600.0
2004-10-19,13.99,14.13,13.96,14.05,592400.0,0.0,1.0,13.99,14.13,13.96,14.05,592400.0
2004-10-18,13.85,13.97,13.85,13.97,366400.0,0.0,1.0,13.85,13.97,13.85,13.97,366400.0
2004-10-15,13.86,13.96,13.83,13.83,405700.0,0.0,1.0,13.86,13.96,13.83,13.83,405700.0
2004-10-14,14.24,14.3,13.87,13.92,840300.0,0.0,1.0,14.24,14.3,13.87,13.92,840300.0
2004-10-13,14.0,14.39,14.0,14.3,471300.0,0.0,1.0,14.0,14.39,14.0,14.3,471300.0
2004-10-12,13.81,14.15,13.74,14.13,610200.0,0.0,1.0,13.81,14.15,13.74,14.13,610200.0
2004-10-11,13.65,13.92,13.65,13.86,490400.0,0.0,1.0,13.65,13.92,13.65,13.86,490400.0
2004-10-08,14.05,14.09,13.62,13.69,1382500.0,0.0,1.0,14.05,14.09,13.62,13.69,1382500.0
2004-10-07,14.46,14.47,14.06,14.1,677800.0,0.0,1.0,14.46,14.47,14.06,14.1,677800.0
2004-10-06,14.53,14.54,14.39,14.48,458200.0,0.0,1.0,14.53,14.54,14.39,14.48,458200.0
2004-10-05,14.45,14.54,14.45,14.51,713900.0,0.0,1.0,14.45,14.54,14.45,14.51,713900.0
2004-10-04,14.5,14.51,14.4,14.4,474100.0,0.0,1.0,14.5,14.51,14.4,14.4,474100.0
2004-10-01,14.26,14.55,14.26,14.45,507400.0,0.0,1.0,14.26,14.55,14.26,14.45,507400.0
2004-09-30,14.13,14.28,14.08,14.23,616700.0,0.0,1.0,14.13,14.28,14.08,14.23,616700.0
2004-09-29,14.08,14.28,13.98,14.11,954400.0,0.0,1.0,14.08,14.28,13.98,14.11,954400.0
2004-09-28,14.16,14.29,14.08,14.08,436800.0,0.0,1.0,14.16,14.29,14.08,14.08,436800.0
2004-09-27,14.3,14.4,14.09,14.13,652500.0,0.0,1.0,14.3,14.4,14.09,14.13,652500.0
2004-09-24,14.48,14.52,14.31,14.35,413900.0,0.0,1.0,14.48,14.52,14.31,14.35,413900.0
2004-09-23,14.49,14.55,14.3,14.4,1082700.0,0.0,1.0,14.49,14.55,14.3,14.4,1082700.0
2004-09-22,14.62,14.62,14.39,14.44,552000.0,0.0,1.0,14.62,14.62,14.39,14.44,552000.0
2004-09-21,14.51,14.65,14.45,14.58,793500.0,0.0,1.0,14.51,14.65,14.45,14.58,793500.0
2004-09-20,14.8,14.81,14.4,14.5,367900.0,0.0,1.0,14.8,14.81,14.4,14.5,367900.0
2004-09-17,14.55,14.76,14.52,14.73,529900.0,0.0,1.0,14.55,14.76,14.52,14.73,529900.0
2004-09-16,14.44,14.56,14.44,14.53,368000.0,0.0,1.0,14.44,14.56,14.44,14.53,368000.0
2004-09-15,14.45,14.5,14.25,14.42,394600.0,0.0,1.0,14.45,14.5,14.25,14.42,394600.0
2004-09-14,14.61,14.65,14.49,14.52,622000.0,0.0,1.0,14.61,14.65,14.49,14.52,622000.0
2004-09-13,14.71,14.83,14.52,14.6,377300.0,0.0,1.0,14.71,14.83,14.52,14.6,377300.0
2004-09-10,14.57,14.69,14.46,14.66,478000.0,0.0,1.0,14.57,14.69,14.46,14.66,478000.0
2004-09-09,14.86,14.89,14.54,14.56,619000.0,0.0,1.0,14.86,14.89,14.54,14.56,619000.0
2004-09-08,15.35,15.4,14.79,14.83,1371100.0,0.0,1.0,15.35,15.4,14.79,14.83,1371100.0
2004-09-07,15.62,15.83,15.38,15.43,352900.0,0.0,1.0,15.62,15.83,15.38,15.43,352900.0
2004-09-03,15.88,15.91,15.5,15.62,129000.0,0.0,1.0,15.88,15.91,15.5,15.62,129000.0
2004-09-02,15.66,15.86,15.66,15.86,147000.0,0.0,1.0,15.66,15.86,15.66,15.86,147000.0
2004-09-01,15.57,15.76,15.57,15.7,427500.0,0.0,1.0,15.57,15.76,15.57,15.7,427500.0
2004-08-31,15.67,15.8,15.52,15.6,503300.0,0.0,1.0,15.67,15.8,15.52,15.6,503300.0
2004-08-30,16.0,16.0,15.59,15.62,434200.0,0.0,1.0,16.0,16.0,15.59,15.62,434200.0
2004-08-27,16.3,16.3,16.08,16.08,498700.0,0.0,1.0,16.3,16.3,16.08,16.08,498700.0
2004-08-26,16.33,16.38,16.2,16.3,371300.0,0.0,1.0,16.33,16.38,16.2,16.3,371300.0
2004-08-25,15.89,16.5,15.89,16.29,658300.0,0.0,1.0,15.89,16.5,15.89,16.29,658300.0
2004-08-24,16.03,16.05,15.85,15.92,667400.0,0.0,1.0,16.03,16.05,15.85,15.92,667400.0
2004-08-23,15.94,16.1,15.88,16.0,425200.0,0.0,1.0,15.94,16.1,15.88,16.0,425200.0
2004-08-20,15.72,15.95,15.68,15.9,154500.0,0.0,1.0,15.72,15.95,15.68,15.9,154500.0
2004-08-19,15.41,15.87,15.22,15.74,810200.0,0.0,1.0,15.41,15.87,15.22,15.74,810200.0
2004-08-18,15.0,15.46,14.91,15.4,563000.0,0.0,1.0,15.0,15.46,14.91,15.4,563000.0
2004-08-17,14.73,15.11,14.69,15.04,614600.0,0.0,1.0,14.73,15.11,14.69,15.04,614600.0
2004-08-16,14.56,14.88,14.56,14.75,593400.0,0.0,1.0,14.56,14.88,14.56,14.75,593400.0
2004-08-13,14.53,14.68,14.51,14.62,178800.0,0.0,1.0,14.53,14.68,14.51,14.62,178800.0
2004-08-12,14.63,14.67,14.5,14.63,544500.0,0.0,1.0,14.63,14.67,14.5,14.63,544500.0
2004-08-11,14.76,14.83,14.55,14.6,384200.0,0.0,1.0,14.76,14.83,14.55,14.6,384200.0
2004-08-10,14.9,14.98,14.8,14.8,404900.0,0.0,1.0,14.9,14.98,14.8,14.8,404900.0
2004-08-09,14.94,15.23,14.75,14.83,267100.0,0.0,1.0,14.94,15.23,14.75,14.83,267100.0
2004-08-06,15.28,15.28,14.96,14.96,442700.0,0.0,1.0,15.28,15.28,14.96,14.96,442700.0
2004-08-05,15.5,15.68,15.26,15.32,329300.0,0.0,1.0,15.5,15.68,15.26,15.32,329300.0
2004-08-04,15.49,15.56,15.27,15.46,575500.0,0.0,1.0,15.49,15.56,15.27,15.46,575500.0
2004-08-03,15.55,15.64,15.34,15.54,792600.0,0.0,1.0,15.55,15.64,15.34,15.54,792600.0
2004-08-02,15.3,15.53,15.16,15.53,667100.0,0.0,1.0,15.3,15.53,15.16,15.53,667100.0
2004-07-30,15.18,15.5,15.13,15.21,433100.0,0.0,1.0,15.18,15.5,15.13,15.21,433100.0
2004-07-29,14.85,15.25,14.76,15.22,727400.0,0.0,1.0,14.85,15.25,14.76,15.22,727400.0
2004-07-28,14.99,15.16,14.72,14.85,744000.0,0.0,1.0,14.99,15.16,14.72,14.85,744000.0
2004-07-27,14.75,15.05,14.71,15.0,624700.0,0.0,1.0,14.75,15.05,14.71,15.0,624700.0
2004-07-26,15.04,15.1,14.67,14.8,331700.0,0.0,1.0,15.04,15.1,14.67,14.8,331700.0
2004-07-23,14.99,15.12,14.84,15.03,638000.0,0.0,1.0,14.99,15.12,14.84,15.03,638000.0
2004-07-22,14.57,15.11,14.53,15.11,908100.0,0.0,1.0,14.57,15.11,14.53,15.11,908100.0
2004-07-21,14.39,14.61,14.38,14.5,1097800.0,0.0,1.0,14.39,14.61,14.38,14.5,1097800.0
2004-07-20,14.31,14.41,14.14,14.34,951900.0,0.0,1.0,14.31,14.41,14.14,14.34,951900.0
2004-07-19,14.5,14.62,14.16,14.19,850700.0,0.0,1.0,14.5,14.62,14.16,14.19,850700.0
2004-07-16,14.87,14.89,14.5,14.52,433800.0,0.0,1.0,14.87,14.89,14.5,14.52,433800.0
2004-07-15,14.92,15.0,14.67,14.86,619300.0,0.0,1.0,14.92,15.0,14.67,14.86,619300.0
2004-07-14,14.92,15.09,14.8,14.85,656100.0,0.0,1.0,14.92,15.09,14.8,14.85,656100.0
2004-07-13,15.0,15.06,14.88,14.93,266500.0,0.0,1.0,15.0,15.06,14.88,14.93,266500.0
2004-07-12,15.08,15.11,14.76,14.91,265100.0,0.0,1.0,15.08,15.11,14.76,14.91,265100.0
2004-07-09,14.85,15.05,14.77,15.0,413800.0,0.0,1.0,14.85,15.05,14.77,15.0,413800.0
2004-07-08,15.09,15.14,14.73,14.79,898600.0,0.0,1.0,15.09,15.14,14.73,14.79,898600.0
2004-07-07,15.43,15.51,15.04,15.1,887700.0,0.0,1.0,15.43,15.51,15.04,15.1,887700.0
2004-07-06,15.72,15.84,15.35,15.36,576300.0,0.0,1.0,15.72,15.84,15.35,15.36,576300.0
2004-07-02,15.93,15.98,15.59,15.81,643500.0,0.0,1.0,15.93,15.98,15.59,15.81,643500.0
2004-07-01,15.95,16.08,15.77,15.83,850600.0,0.0,1.0,15.95,16.08,15.77,15.83,850600.0
2004-06-30,16.0,16.14,15.87,16.01,559700.0,0.0,1.0,16.0,16.14,15.87,16.01,559700.0
2004-06-29,15.88,16.01,15.74,15.91,484400.0,0.0,1.0,15.88,16.01,15.74,15.91,484400.0
2004-06-28,15.75,15.95,15.65,15.87,1128000.0,0.0,1.0,15.75,15.95,15.65,15.87,1128000.0
2004-06-25,15.5,15.83,15.45,15.83,864700.0,0.0,1.0,15.5,15.83,15.45,15.83,864700.0
2004-06-24,15.21,15.61,15.18,15.44,598900.0,0.0,1.0,15.21,15.61,15.18,15.44,598900.0
2004-06-23,15.17,15.23,15.01,15.21,427800.0,0.0,1.0,15.17,15.23,15.01,15.21,427800.0
2004-06-22,15.34,15.35,15.03,15.15,760900.0,0.0,1.0,15.34,15.35,15.03,15.15,760900.0
2004-06-21,15.58,15.6,15.3,15.3,326800.0,0.0,1.0,15.58,15.6,15.3,15.3,326800.0
2004-06-18,15.3,15.72,15.25,15.53,898400.0,0.0,1.0,15.3,15.72,15.25,15.53,898400.0
2004-06-17,15.21,15.44,15.15,15.3,1849100.0,0.0,1.0,15.21,15.44,15.15,15.3,1849100.0
2004-06-16,15.55,15.58,15.37,15.39,724900.0,0.0,1.0,15.55,15.58,15.37,15.39,724900.0
2004-06-15,15.75,15.96,15.5,15.6,1119200.0,0.0,1.0,15.75,15.96,15.5,15.6,1119200.0
2004-06-14,15.95,16.02,15.65,15.76,915300.0,0.0,1.0,15.95,16.02,15.65,15.76,915300.0
2004-06-10,16.2,16.33,15.97,16.01,533100.0,0.0,1.0,16.2,16.33,15.97,16.01,533100.0
2004-06-09,16.3,16.41,16.12,16.16,1032900.0,0.0,1.0,16.3,16.41,16.12,16.16,1032900.0
2004-06-08,16.3,16.34,15.96,16.26,1506300.0,0.0,1.0,16.3,16.34,15.96,16.26,1506300.0
2004-06-07,16.54,16.64,16.05,16.26,1403500.0,0.0,1.0,16.54,16.64,16.05,16.26,1403500.0
2004-06-04,16.65,16.81,16.43,16.45,1187900.0,0.0,1.0,16.65,16.81,16.43,16.45,1187900.0
2004-06-03,16.91,16.91,16.47,16.54,1006700.0,0.0,1.0,16.91,16.91,16.47,16.54,1006700.0
2004-06-02,16.92,17.04,16.81,16.91,997600.0,0.0,1.0,16.92,17.04,16.81,16.91,997600.0
2004-06-01,17.34,17.4,16.92,16.92,807300.0,0.0,1.0,17.34,17.4,16.92,16.92,807300.0
2004-05-28,17.23,17.29,17.09,17.29,405300.0,0.0,1.0,17.23,17.29,17.09,17.29,405300.0
2004-05-27,17.26,17.31,17.17,17.19,466400.0,0.0,1.0,17.26,17.31,17.17,17.19,466400.0
2004-05-26,17.37,17.49,17.25,17.27,356000.0,0.0,1.0,17.37,17.49,17.25,17.27,356000.0
2004-05-25,17.3,17.48,17.18,17.39,385900.0,0.0,1.0,17.3,17.48,17.18,17.39,385900.0
2004-05-24,17.43,17.53,17.24,17.25,305500.0,0.0,1.0,17.43,17.53,17.24,17.25,305500.0
2004-05-21,17.31,17.45,17.28,17.36,334200.0,0.0,1.0,17.31,17.45,17.28,17.36,334200.0
2004-05-20,17.28,17.41,17.17,17.35,549500.0,0.0,1.0,17.28,17.41,17.17,17.35,549500.0
2004-05-19,17.23,17.52,17.17,17.3,922700.0,0.0,1.0,17.23,17.52,17.17,17.3,922700.0
2004-05-18,16.85,17.21,16.83,17.17,799800.0,0.0,1.0,16.85,17.21,16.83,17.17,799800.0
2004-05-17,17.06,17.06,16.63,16.75,544900.0,0.0,1.0,17.06,17.06,16.63,16.75,544900.0
2004-05-14,17.28,17.31,16.86,16.97,765000.0,0.0,1.0,17.28,17.31,16.86,16.97,765000.0
2004-05-13,17.71,17.73,17.04,17.32,1580300.0,0.0,1.0,17.71,17.73,17.04,17.32,1580300.0
2004-05-12,18.13,18.13,17.53,17.79,745600.0,0.0,1.0,18.13,18.13,17.53,17.79,745600.0
2004-05-11,18.2,18.2,17.97,18.08,548000.0,0.0,1.0,18.2,18.2,17.97,18.08,548000.0
2004-05-10,18.14,18.2,17.92,18.01,782600.0,0.0,1.0,18.14,18.2,17.92,18.01,782600.0
2004-05-07,18.57,18.78,18.15,18.15,611200.0,0.0,1.0,18.57,18.78,18.15,18.15,611200.0
2004-05-06,18.9,18.9,18.57,18.63,454900.0,0.0,1.0,18.9,18.9,18.57,18.63,454900.0
2004-05-05,19.05,19.19,18.84,18.95,395900.0,0.0,1.0,19.05,19.19,18.84,18.95,395900.0
2004-05-04,19.17,19.25,18.99,19.0,390100.0,0.0,1.0,19.17,19.25,18.99,19.0,390100.0
2004-05-03,18.97,19.25,18.86,19.17,625600.0,0.0,1.0,18.97,19.25,18.86,19.17,625600.0
2004-04-30,19.15,19.24,18.9,18.96,772200.0,0.0,1.0,19.15,19.24,18.9,18.96,772200.0
2004-04-29,19.53,19.7,19.0,19.11,727400.0,0.0,1.0,19.53,19.7,19.0,19.11,727400.0
2004-04-28,19.8,19.98,19.5,19.54,552000.0,0.0,1.0,19.8,19.98,19.5,19.54,552000.0
2004-04-27,20.07,20.24,19.79,19.82,876100.0,0.0,1.0,20.07,20.24,19.79,19.82,876100.0
2004-04-26,20.03,20.17,19.95,20.16,444400.0,0.0,1.0,20.03,20.17,19.95,20.16,444400.0
2004-04-23,20.07,20.12,19.85,19.94,412500.0,0.0,1.0,20.07,20.12,19.85,19.94,412500.0
2004-04-22,19.89,20.17,19.89,20.05,419600.0,0.0,1.0,19.89,20.17,19.89,20.05,419600.0
2004-04-21,19.89,20.04,19.72,19.84,623600.0,0.0,1.0,19.89,20.04,19.72,19.84,623600.0
2004-04-20,19.98,20.13,19.85,19.91,1383200.0,0.0,1.0,19.98,20.13,19.85,19.91,1383200.0
2004-04-19,20.03,20.09,19.7,19.99,1243700.0,0.0,1.0,20.03,20.09,19.7,19.99,1243700.0
2004-04-16,19.59,19.96,19.5,19.76,610800.0,0.0,1.0,19.59,19.96,19.5,19.76,610800.0
2004-04-15,19.55,19.65,19.0,19.6,569000.0,0.0,1.0,19.55,19.65,19.0,19.6,569000.0
2004-04-14,19.23,19.56,19.18,19.51,731600.0,0.0,1.0,19.23,19.56,19.18,19.51,731600.0
2004-04-13,19.36,19.55,19.2,19.3,765000.0,0.0,1.0,19.36,19.55,19.2,19.3,765000.0
2004-04-12,19.16,19.45,19.1,19.39,522400.0,0.0,1.0,19.16,19.45,19.1,19.39,522400.0
2004-04-08,19.16,19.32,18.97,19.02,297700.0,0.0,1.0,19.16,19.32,18.97,19.02,297700.0
2004-04-07,18.84,19.2,18.81,19.07,362000.0,0.0,1.0,18.84,19.2,18.81,19.07,362000.0
2004-04-06,18.79,18.9,18.6,18.86,290000.0,0.0,1.0,18.79,18.9,18.6,18.86,290000.0
2004-04-05,18.96,18.96,18.77,18.79,524400.0,0.0,1.0,18.96,18.96,18.77,18.79,524400.0
2004-04-02,18.98,19.05,18.77,18.92,506800.0,0.0,1.0,18.98,19.05,18.77,18.92,506800.0
2004-04-01,18.53,19.05,18.47,18.83,458800.0,0.0,1.0,18.53,19.05,18.47,18.83,458800.0
2004-03-31,18.38,18.64,18.3,18.5,297900.0,0.0,1.0,18.38,18.64,18.3,18.5,297900.0
2004-03-30,18.45,18.45,18.13,18.38,576900.0,0.0,1.0,18.45,18.45,18.13,18.38,576900.0
2004-03-29,18.38,18.63,18.37,18.45,248100.0,0.0,1.0,18.38,18.63,18.37,18.45,248100.0
2004-03-26,18.13,18.63,18.03,18.42,797100.0,0.0,1.0,18.13,18.63,18.03,18.42,797100.0
2004-03-25,18.15,18.26,18.06,18.14,926800.0,0.0,1.0,18.15,18.26,18.06,18.14,926800.0
2004-03-24,18.2,18.31,18.0,18.11,815400.0,0.0,1.0,18.2,18.31,18.0,18.11,815400.0
2004-03-23,18.15,18.3,18.07,18.12,587000.0,0.0,1.0,18.15,18.3,18.07,18.12,587000.0
2004-03-22,18.36,18.4,18.07,18.15,445700.0,0.0,1.0,18.36,18.4,18.07,18.15,445700.0
2004-03-19,18.27,18.45,18.0,18.41,515400.0,0.0,1.0,18.27,18.45,18.0,18.41,515400.0
2004-03-18,18.33,18.33,18.15,18.24,341600.0,0.0,1.0,18.33,18.33,18.15,18.24,341600.0
2004-03-17,18.43,18.65,18.21,18.38,446500.0,0.0,1.0,18.43,18.65,18.21,18.38,446500.0
2004-03-16,18.54,18.77,18.48,18.54,169900.0,0.0,1.0,18.54,18.77,18.48,18.54,169900.0
2004-03-15,19.16,19.2,18.5,18.55,406300.0,0.0,1.0,19.16,19.2,18.5,18.55,406300.0
2004-03-12,18.58,19.03,18.58,19.0,373000.0,0.0,1.0,18.58,19.03,18.58,19.0,373000.0
2004-03-11,18.77,18.83,18.6,18.73,589800.0,0.0,1.0,18.77,18.83,18.6,18.73,589800.0
2004-03-10,18.92,18.96,18.5,18.78,724300.0,0.0,1.0,18.92,18.96,18.5,18.78,724300.0
2004-03-09,18.85,19.06,18.69,18.92,745400.0,0.0,1.0,18.85,19.06,18.69,18.92,745400.0
2004-03-08,18.69,19.33,18.6,18.9,855500.0,0.0,1.0,18.69,19.33,18.6,18.9,855500.0
2004-03-05,18.57,18.7,18.36,18.67,500700.0,0.0,1.0,18.57,18.7,18.36,18.67,500700.0
2004-03-04,18.45,18.8,18.41,18.66,880600.0,0.0,1.0,18.45,18.8,18.41,18.66,880600.0
2004-03-03,18.35,18.48,18.29,18.44,328000.0,0.0,1.0,18.35,18.48,18.29,18.44,328000.0
2004-03-02,18.34,18.48,18.3,18.35,300100.0,0.0,1.0,18.34,18.48,18.3,18.35,300100.0
2004-03-01,18.21,18.51,18.2,18.34,446500.0,0.0,1.0,18.21,18.51,18.2,18.34,446500.0
2004-02-27,18.33,18.42,18.07,18.22,437300.0,0.0,1.0,18.33,18.42,18.07,18.22,437300.0
2004-02-26,18.05,18.31,17.88,18.22,971800.0,0.0,1.0,18.05,18.31,17.88,18.22,971800.0
2004-02-25,17.76,18.1,17.66,18.05,525600.0,0.0,1.0,17.76,18.1,17.66,18.05,525600.0
2004-02-24,17.61,17.93,17.58,17.77,766400.0,0.0,1.0,17.61,17.93,17.58,17.77,766400.0
2004-02-23,18.24,18.44,17.55,17.7,498000.0,0.0,1.0,18.24,18.44,17.55,17.7,498000.0
2004-02-20,17.98,18.27,17.75,18.27,756900.0,0.0,1.0,17.98,18.27,17.75,18.27,756900.0
2004-02-19,18.38,18.55,18.0,18.0,506500.0,0.0,1.0,18.38,18.55,18.0,18.0,506500.0
2004-02-18,18.6,18.66,18.17,18.36,418400.0,0.0,1.0,18.6,18.66,18.17,18.36,418400.0
2004-02-17,18.61,18.82,18.42,18.6,447600.0,0.0,1.0,18.61,18.82,18.42,18.6,447600.0
2004-02-13,18.8,18.88,18.27,18.48,1016800.0,0.0,1.0,18.8,18.88,18.27,18.48,1016800.0
2004-02-12,19.5,19.5,18.8,18.89,557300.0,0.0,1.0,19.5,19.5,18.8,18.89,557300.0
2004-02-11,18.79,19.5,18.79,19.41,1720300.0,0.0,1.0,18.79,19.5,18.79,19.41,1720300.0
2004-02-10,18.8,19.07,18.7,18.8,3098500.0,0.0,1.0,18.8,19.07,18.7,18.8,3098500.0
2004-02-09,18.21,18.56,18.2,18.37,794200.0,0.0,1.0,18.21,18.56,18.2,18.37,794200.0
2004-02-06,18.05,18.37,18.05,18.2,357400.0,0.0,1.0,18.05,18.37,18.05,18.2,357400.0
2004-02-05,18.09,18.3,18.0,18.05,468100.0,0.0,1.0,18.09,18.3,18.0,18.05,468100.0
2004-02-04,18.29,18.45,18.0,18.05,595200.0,0.0,1.0,18.29,18.45,18.0,18.05,595200.0
2004-02-03,18.68,18.81,18.3,18.38,742200.0,0.0,1.0,18.68,18.81,18.3,18.38,742200.0
2004-02-02,18.37,18.9,18.28,18.66,1353700.0,0.0,1.0,18.37,18.9,18.28,18.66,1353700.0
2004-01-30,18.3,18.48,18.26,18.43,215700.0,0.0,1.0,18.3,18.48,18.26,18.43,215700.0
2004-01-29,18.59,18.79,18.1,18.32,535300.0,0.0,1.0,18.59,18.79,18.1,18.32,535300.0
2004-01-28,18.75,18.84,18.46,18.46,619900.0,0.0,1.0,18.75,18.84,18.46,18.46,619900.0
2004-01-27,18.8,18.91,18.67,18.78,308000.0,0.0,1.0,18.8,18.91,18.67,18.78,308000.0
2004-01-26,19.0,19.0,18.7,18.8,566600.0,0.0,1.0,19.0,19.0,18.7,18.8,566600.0
2004-01-23,19.27,19.3,18.92,18.95,1209400.0,0.0,1.0,19.27,19.3,18.92,18.95,1209400.0
2004-01-22,19.18,19.26,19.05,19.24,587200.0,0.0,1.0,19.18,19.26,19.05,19.24,587200.0
2004-01-21,18.73,19.18,18.72,19.17,942800.0,0.0,1.0,18.73,19.18,18.72,19.17,942800.0
2004-01-20,19.17,19.21,18.5,18.81,1080000.0,0.0,1.0,19.17,19.21,18.5,18.81,1080000.0
2004-01-16,19.19,19.5,19.13,19.25,711700.0,0.0,1.0,19.19,19.5,19.13,19.25,711700.0
2004-01-15,19.19,19.25,19.05,19.12,508900.0,0.0,1.0,19.19,19.25,19.05,19.12,508900.0
2004-01-14,19.22,19.59,19.0,19.2,825500.0,0.0,1.0,19.22,19.59,19.0,19.2,825500.0
2004-01-13,19.4,19.54,19.21,19.21,377600.0,0.0,1.0,19.4,19.54,19.21,19.21,377600.0
2004-01-12,19.39,19.54,19.31,19.45,263100.0,0.0,1.0,19.39,19.54,19.31,19.45,263100.0
2004-01-09,19.23,19.48,19.09,19.48,594100.0,0.0,1.0,19.23,19.48,19.09,19.48,594100.0
2004-01-08,19.57,19.83,19.0,19.23,1060800.0,0.0,1.0,19.57,19.83,19.0,19.23,1060800.0
2004-01-07,19.0,19.21,18.79,19.0,864900.0,0.0,1.0,19.0,19.21,18.79,19.0,864900.0
2004-01-06,19.71,19.74,18.89,18.91,868900.0,0.0,1.0,19.71,19.74,18.89,18.91,868900.0
2004-01-05,19.45,19.74,19.39,19.71,379600.0,0.0,1.0,19.45,19.74,19.39,19.71,379600.0
2004-01-02,19.39,19.5,19.31,19.46,272600.0,0.0,1.0,19.39,19.5,19.31,19.46,272600.0
2003-12-31,19.48,19.53,19.25,19.3,294200.0,0.0,1.0,19.48,19.53,19.25,19.3,294200.0
2003-12-30,19.46,19.5,19.4,19.45,148500.0,0.0,1.0,19.46,19.5,19.4,19.45,148500.0
2003-12-29,19.33,19.5,19.32,19.5,385800.0,0.0,1.0,19.33,19.5,19.32,19.5,385800.0
2003-12-26,19.31,19.43,19.22,19.32,88400.0,0.0,1.0,19.31,19.43,19.22,19.32,88400.0
2003-12-24,19.41,19.43,19.22,19.31,302400.0,0.0,1.0,19.41,19.43,19.22,19.31,302400.0
2003-12-23,18.94,19.5,18.93,19.42,601300.0,0.0,1.0,18.94,19.5,18.93,19.42,601300.0
2003-12-22,18.9,18.99,18.81,18.95,186200.0,0.0,1.0,18.9,18.99,18.81,18.95,186200.0
2003-12-19,18.71,18.94,18.58,18.88,298700.0,0.0,1.0,18.71,18.94,18.58,18.88,298700.0
2003-12-18,18.57,18.78,18.51,18.76,347700.0,0.0,1.0,18.57,18.78,18.51,18.76,347700.0
2003-12-17,18.8,18.85,18.56,18.64,325600.0,0.0,1.0,18.8,18.85,18.56,18.64,325600.0
2003-12-16,18.9,18.92,18.75,18.8,444200.0,0.0,1.0,18.9,18.92,18.75,18.8,444200.0
2003-12-15,18.99,19.02,18.79,18.81,415300.0,0.0,1.0,18.99,19.02,18.79,18.81,415300.0
2003-12-12,18.6,18.97,18.6,18.79,905900.0,0.0,1.0,18.6,18.97,18.6,18.79,905900.0
2003-12-11,18.02,18.55,17.99,18.48,1204500.0,0.0,1.0,18.02,18.55,17.99,18.48,1204500.0
2003-12-10,18.31,18.32,17.98,18.09,823100.0,0.0,1.0,18.31,18.32,17.98,18.09,823100.0
2003-12-09,18.02,18.27,17.78,18.21,906100.0,0.0,1.0,18.02,18.27,17.78,18.21,906100.0
2003-12-08,17.89,18.09,17.8,17.8,514800.0,0.0,1.0,17.89,18.09,17.8,17.8,514800.0
2003-12-05,17.94,18.02,17.8,17.93,974400.0,0.0,1.0,17.94,18.02,17.8,17.93,974400.0
2003-12-04,17.89,18.05,17.59,18.03,720700.0,0.0,1.0,17.89,18.05,17.59,18.03,720700.0
2003-12-03,17.91,18.01,17.8,17.86,330300.0,0.0,1.0,17.91,18.01,17.8,17.86,330300.0
2003-12-02,17.76,18.04,17.7,17.93,764900.0,0.0,1.0,17.76,18.04,17.7,17.93,764900.0
2003-12-01,17.44,17.85,17.44,17.77,530700.0,0.0,1.0,17.44,17.85,17.44,17.77,530700.0
2003-11-28,17.34,17.5,17.3,17.5,175000.0,0.0,1.0,17.34,17.5,17.3,17.5,175000.0
2003-11-26,17.27,17.39,17.15,17.37,558400.0,0.0,1.0,17.27,17.39,17.15,17.37,558400.0
2003-11-25,17.08,17.3,16.95,17.21,671600.0,0.0,1.0,17.08,17.3,16.95,17.21,671600.0
2003-11-24,16.61,17.0,16.59,16.99,444700.0,0.0,1.0,16.61,17.0,16.59,16.99,444700.0
2003-11-21,16.29,16.58,16.26,16.53,497100.0,0.0,1.0,16.29,16.58,16.26,16.53,497100.0
2003-11-20,16.14,16.36,16.05,16.17,534900.0,0.0,1.0,16.14,16.36,16.05,16.17,534900.0
2003-11-19,16.25,16.39,16.16,16.3,266400.0,0.0,1.0,16.25,16.39,16.16,16.3,266400.0
2003-11-18,16.28,16.61,16.17,16.27,441300.0,0.0,1.0,16.28,16.61,16.17,16.27,441300.0
2003-11-17,16.6,16.61,16.1,16.27,908400.0,0.0,1.0,16.6,16.61,16.1,16.27,908400.0
2003-11-14,16.61,16.77,16.51,16.57,408400.0,0.0,1.0,16.61,16.77,16.51,16.57,408400.0
2003-11-13,16.8,16.91,16.63,16.65,383800.0,0.0,1.0,16.8,16.91,16.63,16.65,383800.0
2003-11-12,16.61,17.0,16.26,16.93,1349900.0,0.0,1.0,16.61,17.0,16.26,16.93,1349900.0
2003-11-11,16.7,16.8,16.26,16.31,876900.0,0.0,1.0,16.7,16.8,16.26,16.31,876900.0
2003-11-10,16.65,16.89,16.64,16.7,631700.0,0.0,1.0,16.65,16.89,16.64,16.7,631700.0
2003-11-07,16.84,16.9,16.58,16.65,1219900.0,0.0,1.0,16.84,16.9,16.58,16.65,1219900.0
2003-11-06,16.04,17.05,15.99,16.91,1812400.0,0.0,1.0,16.04,17.05,15.99,16.91,1812400.0
2003-11-05,15.92,16.06,15.89,16.03,500300.0,0.0,1.0,15.92,16.06,15.89,16.03,500300.0
2003-11-04,16.0,16.07,15.91,15.99,935900.0,0.0,1.0,16.0,16.07,15.91,15.99,935900.0
2003-11-03,15.91,16.05,15.86,16.02,745200.0,0.0,1.0,15.91,16.05,15.86,16.02,745200.0
2003-10-31,15.86,15.94,15.79,15.9,578300.0,0.0,1.0,15.86,15.94,15.79,15.9,578300.0
2003-10-30,15.55,16.1,15.53,15.84,987000.0,0.0,1.0,15.55,16.1,15.53,15.84,987000.0
2003-10-29,15.52,15.53,15.06,15.5,772700.0,0.0,1.0,15.52,15.53,15.06,15.5,772700.0
2003-10-28,14.99,15.54,14.88,15.5,692800.0,0.0,1.0,14.99,15.54,14.88,15.5,692800.0
2003-10-27,14.74,15.35,14.69,15.25,668800.0,0.0,1.0,14.74,15.35,14.69,15.25,668800.0
2003-10-24,14.59,14.84,14.5,14.82,679300.0,0.0,1.0,14.59,14.84,14.5,14.82,679300.0
2003-10-23,14.49,14.84,14.32,14.68,868000.0,0.0,1.0,14.49,14.84,14.32,14.68,868000.0
2003-10-22,14.41,14.64,14.24,14.49,562300.0,0.0,1.0,14.41,14.64,14.24,14.49,562300.0
2003-10-21,14.28,14.63,14.18,14.46,856000.0,0.0,1.0,14.28,14.63,14.18,14.46,856000.0
2003-10-20,13.82,14.61,13.75,14.42,1917300.0,0.0,1.0,13.82,14.61,13.75,14.42,1917300.0
2003-10-17,14.75,14.75,14.5,14.53,580700.0,0.0,1.0,14.75,14.75,14.5,14.53,580700.0
2003-10-16,14.36,14.93,14.21,14.77,1145500.0,0.0,1.0,14.36,14.93,14.21,14.77,1145500.0
2003-10-15,14.73,14.76,14.31,14.4,231600.0,0.0,1.0,14.73,14.76,14.31,14.4,231600.0
2003-10-14,14.65,14.75,14.5,14.68,993600.0,0.0,1.0,14.65,14.75,14.5,14.68,993600.0
2003-10-13,14.52,14.78,14.52,14.71,591600.0,0.0,1.0,14.52,14.78,14.52,14.71,591600.0
2003-10-10,14.58,14.7,14.39,14.44,477900.0,0.0,1.0,14.58,14.7,14.39,14.44,477900.0
2003-10-09,14.62,14.87,14.55,14.55,1225000.0,0.0,1.0,14.62,14.87,14.55,14.55,1225000.0
2003-10-08,14.81,14.81,14.3,14.58,1511900.0,0.0,1.0,14.81,14.81,14.3,14.58,1511900.0
2003-10-07,14.88,15.0,14.1,14.75,1009400.0,0.0,1.0,14.88,15.0,14.1,14.75,1009400.0
2003-10-06,15.22,15.22,14.85,14.97,577800.0,0.0,1.0,15.22,15.22,14.85,14.97,577800.0
2003-10-03,15.25,15.74,15.1,15.21,776400.0,0.0,1.0,15.25,15.74,15.1,15.21,776400.0
2003-10-02,15.34,15.51,15.12,15.24,743100.0,0.0,1.0,15.34,15.51,15.12,15.24,743100.0
2003-10-01,14.5,15.48,14.46,15.23,2164500.0,0.0,1.0,14.5,15.48,14.46,15.23,2164500.0
2003-09-30,14.45,14.77,14.35,14.36,1912800.0,0.0,1.0,14.45,14.77,14.35,14.36,1912800.0
2003-09-29,14.5,14.5,14.16,14.2,1203400.0,0.0,1.0,14.5,14.5,14.16,14.2,1203400.0
2003-09-26,14.51,14.59,14.32,14.5,938500.0,0.0,1.0,14.51,14.59,14.32,14.5,938500.0
2003-09-25,14.88,15.1,14.33,14.5,1421700.0,0.0,1.0,14.88,15.1,14.33,14.5,1421700.0
2003-09-24,15.97,15.97,14.77,14.84,2562800.0,0.0,1.0,15.97,15.97,14.77,14.84,2562800.0
2003-09-23,15.96,16.11,15.75,15.98,486600.0,0.0,1.0,15.96,16.11,15.75,15.98,486600.0
2003-09-22,16.36,16.36,15.9,16.12,408700.0,0.0,1.0,16.36,16.36,15.9,16.12,408700.0
2003-09-19,16.54,16.55,16.2,16.35,379600.0,0.0,1.0,16.54,16.55,16.2,16.35,379600.0
2003-09-18,16.75,16.77,16.35,16.45,737100.0,0.0,1.0,16.75,16.77,16.35,16.45,737100.0
2003-09-17,16.76,16.89,16.39,16.64,487300.0,0.0,1.0,16.76,16.89,16.39,16.64,487300.0
2003-09-16,16.75,16.8,16.52,16.75,607800.0,0.0,1.0,16.75,16.8,16.52,16.75,607800.0
2003-09-15,16.66,16.75,16.49,16.75,574300.0,0.0,1.0,16.66,16.75,16.49,16.75,574300.0
2003-09-12,16.8,16.87,16.65,16.67,333200.0,0.0,1.0,16.8,16.87,16.65,16.67,333200.0
2003-09-11,16.97,17.15,16.81,16.81,286600.0,0.0,1.0,16.97,17.15,16.81,16.81,286600.0
2003-09-10,17.35,17.36,16.75,16.85,677200.0,0.0,1.0,17.35,17.36,16.75,16.85,677200.0
2003-09-09,17.8,17.8,17.22,17.35,336700.0,0.0,1.0,17.8,17.8,17.22,17.35,336700.0
2003-09-08,17.61,17.92,17.6,17.8,282700.0,0.0,1.0,17.61,17.92,17.6,17.8,282700.0
2003-09-05,18.02,18.02,17.5,17.68,975200.0,0.0,1.0,18.02,18.02,17.5,17.68,975200.0
2003-09-04,18.4,18.51,17.78,17.92,2125700.0,0.0,1.0,18.4,18.51,17.78,17.92,2125700.0
2003-09-03,16.84,17.91,16.83,17.67,1830000.0,0.0,1.0,16.84,17.91,16.83,17.67,1830000.0
2003-09-02,16.42,16.83,16.36,16.81,1064900.0,0.0,1.0,16.42,16.83,16.36,16.81,1064900.0
2003-08-29,16.38,16.55,16.35,16.42,277400.0,0.0,1.0,16.38,16.55,16.35,16.42,277400.0
2003-08-28,16.2,16.5,16.11,16.35,332300.0,0.0,1.0,16.2,16.5,16.11,16.35,332300.0
2003-08-27,16.25,16.35,16.0,16.19,546400.0,0.0,1.0,16.25,16.35,16.0,16.19,546400.0
2003-08-26,16.38,16.42,16.09,16.32,264500.0,0.0,1.0,16.38,16.42,16.09,16.32,264500.0
2003-08-25,16.34,16.36,16.15,16.36,331800.0,0.0,1.0,16.34,16.36,16.15,16.36,331800.0
2003-08-22,16.12,16.43,16.0,16.36,772500.0,0.0,1.0,16.12,16.43,16.0,16.36,772500.0
2003-08-21,15.99,16.21,15.98,16.05,661800.0,0.0,1.0,15.99,16.21,15.98,16.05,661800.0
2003-08-20,15.93,16.12,15.88,16.0,663000.0,0.0,1.0,15.93,16.12,15.88,16.0,663000.0
2003-08-19,16.12,16.17,15.93,16.0,412900.0,0.0,1.0,16.12,16.17,15.93,16.0,412900.0
2003-08-18,15.91,16.31,15.91,16.12,914800.0,0.0,1.0,15.91,16.31,15.91,16.12,914800.0
2003-08-15,15.88,16.05,15.8,15.97,264900.0,0.0,1.0,15.88,16.05,15.8,15.97,264900.0
2003-08-14,15.48,15.93,15.4,15.91,846500.0,0.0,1.0,15.48,15.93,15.4,15.91,846500.0
2003-08-13,15.47,15.55,15.42,15.46,423800.0,0.0,1.0,15.47,15.55,15.42,15.46,423800.0
2003-08-12,15.31,15.53,15.08,15.48,723800.0,0.0,1.0,15.31,15.53,15.08,15.48,723800.0
2003-08-11,15.17,15.5,15.12,15.26,667100.0,0.0,1.0,15.17,15.5,15.12,15.26,667100.0
2003-08-08,15.38,15.53,15.15,15.2,897000.0,0.0,1.0,15.38,15.53,15.15,15.2,897000.0
2003-08-07,16.14,16.15,15.15,15.38,1455700.0,0.0,1.0,16.14,16.15,15.15,15.38,1455700.0
2003-08-06,16.29,16.37,16.14,16.24,280700.0,0.0,1.0,16.29,16.37,16.14,16.24,280700.0
2003-08-05,16.36,16.44,16.25,16.26,409700.0,0.0,1.0,16.36,16.44,16.25,16.26,409700.0
2003-08-04,16.43,16.5,16.23,16.43,352200.0,0.0,1.0,16.43,16.5,16.23,16.43,352200.0
2003-08-01,16.66,16.69,16.25,16.41,555700.0,0.0,1.0,16.66,16.69,16.25,16.41,555700.0
2003-07-31,16.42,16.82,16.37,16.59,529100.0,0.0,1.0,16.42,16.82,16.37,16.59,529100.0
2003-07-30,16.62,16.7,16.25,16.37,496700.0,0.0,1.0,16.62,16.7,16.25,16.37,496700.0
2003-07-29,16.89,17.08,16.52,16.6,604600.0,0.0,1.0,16.89,17.08,16.52,16.6,604600.0
2003-07-28,16.87,16.98,16.7,16.84,605800.0,0.0,1.0,16.87,16.98,16.7,16.84,605800.0
2003-07-25,16.39,16.9,16.34,16.78,680900.0,0.0,1.0,16.39,16.9,16.34,16.78,680900.0
2003-07-24,16.5,16.84,16.45,16.57,381400.0,0.0,1.0,16.5,16.84,16.45,16.57,381400.0
2003-07-23,16.65,16.67,16.24,16.48,535100.0,0.0,1.0,16.65,16.67,16.24,16.48,535100.0
2003-07-22,16.73,17.1,16.61,16.88,463300.0,0.0,1.0,16.73,17.1,16.61,16.88,463300.0
2003-07-21,16.81,16.85,16.57,16.71,509300.0,0.0,1.0,16.81,16.85,16.57,16.71,509300.0
2003-07-18,16.97,17.0,16.76,16.82,556400.0,0.0,1.0,16.97,17.0,16.76,16.82,556400.0
2003-07-17,17.5,17.5,16.8,16.98,735100.0,0.0,1.0,17.5,17.5,16.8,16.98,735100.0
2003-07-16,17.91,17.96,17.39,17.57,638700.0,0.0,1.0,17.91,17.96,17.39,17.57,638700.0
2003-07-15,18.23,18.25,17.81,17.9,371800.0,0.0,1.0,18.23,18.25,17.81,17.9,371800.0
2003-07-14,18.04,18.3,18.0,18.2,296900.0,0.0,1.0,18.04,18.3,18.0,18.2,296900.0
2003-07-11,17.67,18.06,17.64,18.01,348300.0,0.0,1.0,17.67,18.06,17.64,18.01,348300.0
2003-07-10,17.9,17.99,17.69,17.81,508600.0,0.0,1.0,17.9,17.99,17.69,17.81,508600.0
2003-07-09,17.2,17.95,17.09,17.92,437600.0,0.0,1.0,17.2,17.95,17.09,17.92,437600.0
2003-07-08,17.29,17.39,17.14,17.24,498600.0,0.0,1.0,17.29,17.39,17.14,17.24,498600.0
2003-07-07,17.33,17.44,17.27,17.3,548800.0,0.0,1.0,17.33,17.44,17.27,17.3,548800.0
2003-07-03,17.56,17.65,17.26,17.39,248800.0,0.0,1.0,17.56,17.65,17.26,17.39,248800.0
2003-07-02,17.4,17.63,17.14,17.51,559400.0,0.0,1.0,17.4,17.63,17.14,17.51,559400.0
2003-07-01,17.71,17.72,17.35,17.5,1273200.0,0.0,1.0,17.71,17.72,17.35,17.5,1273200.0
2003-06-30,17.66,17.93,17.55,17.73,338500.0,0.0,1.0,17.66,17.93,17.55,17.73,338500.0
2003-06-27,17.43,17.92,17.38,17.67,458100.0,0.0,1.0,17.43,17.92,17.38,17.67,458100.0
2003-06-26,17.13,17.52,17.08,17.45,1087200.0,0.0,1.0,17.13,17.52,17.08,17.45,1087200.0
2003-06-25,17.21,17.55,17.14,17.21,255500.0,0.0,1.0,17.21,17.55,17.14,17.21,255500.0
2003-06-24,17.07,17.33,16.96,17.21,546700.0,0.0,1.0,17.07,17.33,16.96,17.21,546700.0
2003-06-23,17.63,17.67,16.99,17.07,390900.0,0.0,1.0,17.63,17.67,16.99,17.07,390900.0
2003-06-20,17.59,17.91,17.43,17.49,985400.0,0.0,1.0,17.59,17.91,17.43,17.49,985400.0
2003-06-19,18.05,18.32,17.66,17.7,813600.0,0.0,1.0,18.05,18.32,17.66,17.7,813600.0
2003-06-18,18.05,18.05,17.75,18.01,239200.0,0.0,1.0,18.05,18.05,17.75,18.01,239200.0
2003-06-17,18.18,18.19,17.91,18.08,547900.0,0.0,1.0,18.18,18.19,17.91,18.08,547900.0
2003-06-16,17.69,18.21,17.69,18.12,374700.0,0.0,1.0,17.69,18.21,17.69,18.12,374700.0
2003-06-13,17.81,17.92,17.57,17.67,237100.0,0.0,1.0,17.81,17.92,17.57,17.67,237100.0
2003-06-12,17.95,18.12,17.8,17.91,438600.0,0.0,1.0,17.95,18.12,17.8,17.91,438600.0
2003-06-11,17.65,18.14,17.58,17.91,584200.0,0.0,1.0,17.65,18.14,17.58,17.91,584200.0
2003-06-10,17.55,17.77,17.43,17.69,544100.0,0.0,1.0,17.55,17.77,17.43,17.69,544100.0
2003-06-09,17.83,17.93,17.35,17.55,641300.0,0.0,1.0,17.83,17.93,17.35,17.55,641300.0
2003-06-06,18.03,18.45,17.72,17.92,608000.0,0.0,1.0,18.03,18.45,17.72,17.92,608000.0
2003-06-05,17.89,18.0,17.63,18.0,944600.0,0.0,1.0,17.89,18.0,17.63,18.0,944600.0
2003-06-04,17.3,17.95,17.23,17.92,612400.0,0.0,1.0,17.3,17.95,17.23,17.92,612400.0
2003-06-03,17.44,17.46,17.1,17.25,323500.0,0.0,1.0,17.44,17.46,17.1,17.25,323500.0
2003-06-02,16.73,17.9,16.73,17.42,1169000.0,0.0,1.0,16.73,17.9,16.73,17.42,1169000.0
2003-05-30,16.81,17.0,16.6,16.64,689400.0,0.0,1.0,16.81,17.0,16.6,16.64,689400.0
2003-05-29,17.0,17.11,16.8,16.8,683600.0,0.0,1.0,17.0,17.11,16.8,16.8,683600.0
2003-05-28,17.0,17.08,16.84,16.99,584500.0,0.0,1.0,17.0,17.08,16.84,16.99,584500.0
2003-05-27,16.68,17.05,16.67,17.0,562400.0,0.0,1.0,16.68,17.05,16.67,17.0,562400.0
2003-05-23,16.69,16.85,16.57,16.65,212500.0,0.0,1.0,16.69,16.85,16.57,16.65,212500.0
2003-05-22,16.3,16.76,16.19,16.65,376200.0,0.0,1.0,16.3,16.76,16.19,16.65,376200.0
2003-05-21,16.31,16.46,16.16,16.3,348900.0,0.0,1.0,16.31,16.46,16.16,16.3,348900.0
2003-05-20,16.73,16.86,16.15,16.32,450700.0,0.0,1.0,16.73,16.86,16.15,16.32,450700.0
2003-05-19,17.0,17.08,16.55,16.65,350500.0,0.0,1.0,17.0,17.08,16.55,16.65,350500.0
2003-05-16,16.93,17.21,16.82,16.99,780200.0,0.0,1.0,16.93,17.21,16.82,16.99,780200.0
2003-05-15,17.03,17.19,16.8,17.08,555400.0,0.0,1.0,17.03,17.19,16.8,17.08,555400.0
2003-05-14,17.31,17.38,16.45,17.06,933500.0,0.0,1.0,17.31,17.38,16.45,17.06,933500.0
2003-05-13,17.48,17.49,17.12,17.25,1263600.0,0.0,1.0,17.48,17.49,17.12,17.25,1263600.0
2003-05-12,17.13,17.65,17.01,17.49,997800.0,0.0,1.0,17.13,17.65,17.01,17.49,997800.0
2003-05-09,16.94,17.28,16.72,17.14,1133400.0,0.0,1.0,16.94,17.28,16.72,17.14,1133400.0
2003-05-08,17.02,17.12,16.42,16.85,1185000.0,0.0,1.0,17.02,17.12,16.42,16.85,1185000.0
2003-05-07,16.55,17.11,16.3,17.0,1226300.0,0.0,1.0,16.55,17.11,16.3,17.0,1226300.0
2003-05-06,16.25,16.88,16.14,16.56,936000.0,0.0,1.0,16.25,16.88,16.14,16.56,936000.0
2003-05-05,16.0,16.36,16.0,16.06,1013000.0,0.0,1.0,16.0,16.36,16.0,16.06,1013000.0
2003-05-02,15.68,16.05,15.55,16.0,812400.0,0.0,1.0,15.68,16.05,15.55,16.0,812400.0
2003-05-01,15.95,15.99,15.34,15.68,973700.0,0.0,1.0,15.95,15.99,15.34,15.68,973700.0
2003-04-30,15.14,15.41,14.97,15.3,442900.0,0.0,1.0,15.14,15.41,14.97,15.3,442900.0
2003-04-29,14.96,15.33,14.96,15.1,600700.0,0.0,1.0,14.96,15.33,14.96,15.1,600700.0
2003-04-28,14.75,15.21,14.63,14.95,667900.0,0.0,1.0,14.75,15.21,14.63,14.95,667900.0
2003-04-25,15.12,15.12,14.49,14.74,1400800.0,0.0,1.0,15.12,15.12,14.49,14.74,1400800.0
2003-04-24,15.74,15.8,15.0,15.2,926700.0,0.0,1.0,15.74,15.8,15.0,15.2,926700.0
2003-04-23,15.45,16.04,15.43,15.9,328200.0,0.0,1.0,15.45,16.04,15.43,15.9,328200.0
2003-04-22,15.22,15.48,15.14,15.45,460500.0,0.0,1.0,15.22,15.48,15.14,15.45,460500.0
2003-04-21,15.36,15.4,15.16,15.16,297000.0,0.0,1.0,15.36,15.4,15.16,15.16,297000.0
2003-04-17,15.1,15.4,14.89,15.35,1111600.0,0.0,1.0,15.1,15.4,14.89,15.35,1111600.0
2003-04-16,15.26,15.38,14.91,15.06,666200.0,0.0,1.0,15.26,15.38,14.91,15.06,666200.0
2003-04-15,14.96,15.32,14.9,15.2,566300.0,0.0,1.0,14.96,15.32,14.9,15.2,566300.0
2003-04-14,14.45,15.01,14.45,14.96,577100.0,0.0,1.0,14.45,15.01,14.45,14.96,577100.0
2003-04-11,14.1,14.54,14.0,14.46,591400.0,0.0,1.0,14.1,14.54,14.0,14.46,591400.0
2003-04-10,14.08,14.14,13.81,14.07,387400.0,0.0,1.0,14.08,14.14,13.81,14.07,387400.0
2003-04-09,14.09,14.38,13.95,14.09,487800.0,0.0,1.0,14.09,14.38,13.95,14.09,487800.0
2003-04-08,13.9,14.15,13.7,14.05,301500.0,0.0,1.0,13.9,14.15,13.7,14.05,301500.0
2003-04-07,13.7,14.27,13.7,13.87,686100.0,0.0,1.0,13.7,14.27,13.7,13.87,686100.0
2003-04-04,14.08,14.16,13.49,13.59,701000.0,0.0,1.0,14.08,14.16,13.49,13.59,701000.0
2003-04-03,14.06,14.37,13.99,14.07,651600.0,0.0,1.0,14.06,14.37,13.99,14.07,651600.0
2003-04-02,13.47,14.05,13.44,13.9,640400.0,0.0,1.0,13.47,14.05,13.44,13.9,640400.0
2003-04-01,13.25,13.58,13.11,13.32,490000.0,0.0,1.0,13.25,13.58,13.11,13.32,490000.0
2003-03-31,13.54,13.54,13.13,13.24,209700.0,0.0,1.0,13.54,13.54,13.13,13.24,209700.0
2003-03-28,13.91,13.94,13.54,13.55,272700.0,0.0,1.0,13.91,13.94,13.54,13.55,272700.0
2003-03-27,13.2,14.03,13.16,13.94,735700.0,0.0,1.0,13.2,14.03,13.16,13.94,735700.0
2003-03-26,13.96,13.98,13.59,13.62,286000.0,0.0,1.0,13.96,13.98,13.59,13.62,286000.0
2003-03-25,14.05,14.32,13.93,13.96,297300.0,0.0,1.0,14.05,14.32,13.93,13.96,297300.0
2003-03-24,14.33,14.34,13.9,14.04,448000.0,0.0,1.0,14.33,14.34,13.9,14.04,448000.0
2003-03-21,14.07,14.5,13.93,14.43,576100.0,0.0,1.0,14.07,14.5,13.93,14.43,576100.0
2003-03-20,13.24,14.07,12.8,13.94,1155400.0,0.0,1.0,13.24,14.07,12.8,13.94,1155400.0
2003-03-19,13.6,13.62,12.89,13.15,739300.0,0.0,1.0,13.6,13.62,12.89,13.15,739300.0
2003-03-18,13.99,14.0,13.63,13.72,496200.0,0.0,1.0,13.99,14.0,13.63,13.72,496200.0
2003-03-17,13.27,14.03,13.11,13.9,455100.0,0.0,1.0,13.27,14.03,13.11,13.9,455100.0
2003-03-14,13.05,13.39,13.05,13.35,339100.0,0.0,1.0,13.05,13.39,13.05,13.35,339100.0
2003-03-13,12.36,13.08,12.36,12.99,438600.0,0.0,1.0,12.36,13.08,12.36,12.99,438600.0
2003-03-12,12.16,12.43,12.13,12.25,516500.0,0.0,1.0,12.16,12.43,12.13,12.25,516500.0
2003-03-11,12.55,12.65,12.18,12.22,316700.0,0.0,1.0,12.55,12.65,12.18,12.22,316700.0
2003-03-10,12.64,12.75,12.46,12.55,245800.0,0.0,1.0,12.64,12.75,12.46,12.55,245800.0
2003-03-07,12.55,12.85,12.37,12.74,504900.0,0.0,1.0,12.55,12.85,12.37,12.74,504900.0
2003-03-06,12.55,12.8,12.27,12.61,549400.0,0.0,1.0,12.55,12.8,12.27,12.61,549400.0
2003-03-05,12.56,13.02,12.52,12.56,996500.0,0.0,1.0,12.56,13.02,12.52,12.56,996500.0
2003-03-04,13.53,13.53,12.54,12.54,1114500.0,0.0,1.0,13.53,13.53,12.54,12.54,1114500.0
2003-03-03,13.83,14.1,13.53,13.57,1314800.0,0.0,1.0,13.83,14.1,13.53,13.57,1314800.0
2003-02-28,13.49,13.93,13.42,13.74,380300.0,0.0,1.0,13.49,13.93,13.42,13.74,380300.0
2003-02-27,13.11,13.55,13.11,13.48,250900.0,0.0,1.0,13.11,13.55,13.11,13.48,250900.0
2003-02-26,13.26,13.26,12.95,13.17,379200.0,0.0,1.0,13.26,13.26,12.95,13.17,379200.0
2003-02-25,12.82,13.3,12.56,13.27,690300.0,0.0,1.0,12.82,13.3,12.56,13.27,690300.0
2003-02-24,13.06,13.26,12.86,12.86,568900.0,0.0,1.0,13.06,13.26,12.86,12.86,568900.0
2003-02-21,12.95,13.37,12.8,13.05,736900.0,0.0,1.0,12.95,13.37,12.8,13.05,736900.0
2003-02-20,13.34,13.52,12.86,13.02,520900.0,0.0,1.0,13.34,13.52,12.86,13.02,520900.0
2003-02-19,13.71,13.71,13.26,13.34,247800.0,0.0,1.0,13.71,13.71,13.26,13.34,247800.0
2003-02-18,12.81,13.74,12.81,13.7,570300.0,0.0,1.0,12.81,13.74,12.81,13.7,570300.0
2003-02-14,12.46,12.93,12.39,12.8,637300.0,0.0,1.0,12.46,12.93,12.39,12.8,637300.0
2003-02-13,13.13,13.13,12.27,12.5,1013800.0,0.0,1.0,13.13,13.13,12.27,12.5,1013800.0
2003-02-12,13.14,13.48,12.98,13.1,739400.0,0.0,1.0,13.14,13.48,12.98,13.1,739400.0
2003-02-11,14.58,14.6,12.99,13.2,2054400.0,0.0,1.0,14.58,14.6,12.99,13.2,2054400.0
2003-02-10,14.02,14.19,13.75,14.0,882600.0,0.0,1.0,14.02,14.19,13.75,14.0,882600.0
2003-02-07,13.95,14.16,13.85,13.99,350100.0,0.0,1.0,13.95,14.16,13.85,13.99,350100.0
2003-02-06,14.15,14.17,13.7,13.87,862700.0,0.0,1.0,14.15,14.17,13.7,13.87,862700.0
2003-02-05,14.19,14.39,14.06,14.07,648000.0,0.0,1.0,14.19,14.39,14.06,14.07,648000.0
2003-02-04,15.2,15.2,14.0,14.14,995800.0,0.0,1.0,15.2,15.2,14.0,14.14,995800.0
2003-02-03,15.26,15.35,15.0,15.21,203900.0,0.0,1.0,15.26,15.35,15.0,15.21,203900.0
2003-01-31,14.66,15.31,14.61,15.28,351300.0,0.0,1.0,14.66,15.31,14.61,15.28,351300.0
2003-01-30,15.4,15.4,14.57,14.65,226900.0,0.0,1.0,15.4,15.4,14.57,14.65,226900.0
2003-01-29,15.36,15.43,14.9,15.37,356100.0,0.0,1.0,15.36,15.43,14.9,15.37,356100.0
2003-01-28,14.78,15.41,14.77,15.41,506100.0,0.0,1.0,14.78,15.41,14.77,15.41,506100.0
2003-01-27,14.62,14.9,14.49,14.83,440200.0,0.0,1.0,14.62,14.9,14.49,14.83,440200.0
2003-01-24,15.45,15.45,14.54,14.64,912300.0,0.0,1.0,15.45,15.45,14.54,14.64,912300.0
2003-01-23,15.89,15.9,15.39,15.44,510100.0,0.0,1.0,15.89,15.9,15.39,15.44,510100.0
2003-01-22,16.09,16.1,15.7,15.87,494100.0,0.0,1.0,16.09,16.1,15.7,15.87,494100.0
2003-01-21,16.4,16.55,16.0,16.1,599700.0,0.0,1.0,16.4,16.55,16.0,16.1,599700.0
2003-01-17,16.42,16.47,16.22,16.4,700700.0,0.0,1.0,16.42,16.47,16.22,16.4,700700.0
2003-01-16,16.32,16.56,16.23,16.5,480200.0,0.0,1.0,16.32,16.56,16.23,16.5,480200.0
2003-01-15,16.66,16.78,15.93,16.22,548200.0,0.0,1.0,16.66,16.78,15.93,16.22,548200.0
2003-01-14,15.55,16.81,15.49,16.6,1746300.0,0.0,1.0,15.55,16.81,15.49,16.6,1746300.0
2003-01-13,15.2,15.9,15.18,15.57,1779800.0,0.0,1.0,15.2,15.9,15.18,15.57,1779800.0
2003-01-10,15.01,15.21,14.86,14.95,253800.0,0.0,1.0,15.01,15.21,14.86,14.95,253800.0
2003-01-09,14.11,15.1,14.11,15.06,655300.0,0.0,1.0,14.11,15.1,14.11,15.06,655300.0
2003-01-08,14.79,14.79,14.11,14.14,606100.0,0.0,1.0,14.79,14.79,14.11,14.14,606100.0
2003-01-07,14.84,15.08,14.69,14.7,484200.0,0.0,1.0,14.84,15.08,14.69,14.7,484200.0
2003-01-06,14.23,14.98,14.23,14.82,830900.0,0.0,1.0,14.23,14.98,14.23,14.82,830900.0
2003-01-03,14.2,14.33,14.16,14.19,278600.0,0.0,1.0,14.2,14.33,14.16,14.19,278600.0
2003-01-02,14.34,14.41,13.79,14.23,942300.0,0.0,1.0,14.34,14.41,13.79,14.23,942300.0
2002-12-31,14.0,14.47,13.9,14.43,570600.0,0.0,1.0,14.0,14.47,13.9,14.43,570600.0
2002-12-30,14.08,14.24,13.9,13.99,379200.0,0.0,1.0,14.08,14.24,13.9,13.99,379200.0
2002-12-27,14.03,14.19,13.85,13.95,233800.0,0.0,1.0,14.03,14.19,13.85,13.95,233800.0
2002-12-26,14.14,14.4,13.93,14.03,384900.0,0.0,1.0,14.14,14.4,13.93,14.03,384900.0
2002-12-24,14.38,14.5,14.08,14.14,321800.0,0.0,1.0,14.38,14.5,14.08,14.14,321800.0
2002-12-23,14.25,14.5,14.22,14.5,367600.0,0.0,1.0,14.25,14.5,14.22,14.5,367600.0
2002-12-20,14.18,14.55,14.03,14.26,510300.0,0.0,1.0,14.18,14.55,14.03,14.26,510300.0
2002-12-19,14.34,14.58,14.06,14.21,442400.0,0.0,1.0,14.34,14.58,14.06,14.21,442400.0
2002-12-18,14.73,14.73,14.25,14.31,387100.0,0.0,1.0,14.73,14.73,14.25,14.31,387100.0
2002-12-17,14.75,15.01,14.55,14.78,319000.0,0.0,1.0,14.75,15.01,14.55,14.78,319000.0
2002-12-16,14.99,15.0,14.76,14.85,602800.0,0.0,1.0,14.99,15.0,14.76,14.85,602800.0
2002-12-13,15.34,15.34,14.73,14.98,702500.0,0.0,1.0,15.34,15.34,14.73,14.98,702500.0
2002-12-12,16.57,16.64,15.3,15.33,928200.0,0.0,1.0,16.57,16.64,15.3,15.33,928200.0
2002-12-11,16.81,17.46,16.59,16.59,629000.0,0.0,1.0,16.81,17.46,16.59,16.59,629000.0
2002-12-10,16.57,16.87,16.4,16.81,472100.0,0.0,1.0,16.57,16.87,16.4,16.81,472100.0
2002-12-09,16.82,16.99,16.07,16.1,337200.0,0.0,1.0,16.82,16.99,16.07,16.1,337200.0
2002-12-06,16.34,16.84,16.1,16.79,275900.0,0.0,1.0,16.34,16.84,16.1,16.79,275900.0
2002-12-05,16.71,16.78,16.17,16.41,457100.0,0.0,1.0,16.71,16.78,16.17,16.41,457100.0
2002-12-04,16.51,16.69,16.26,16.67,312600.0,0.0,1.0,16.51,16.69,16.26,16.67,312600.0
2002-12-03,17.25,17.25,16.58,16.69,351800.0,0.0,1.0,17.25,17.25,16.58,16.69,351800.0
2002-12-02,17.25,17.55,16.78,17.23,240400.0,0.0,1.0,17.25,17.55,16.78,17.23,240400.0
2002-11-29,17.5,17.67,17.19,17.21,159200.0,0.0,1.0,17.5,17.67,17.19,17.21,159200.0
2002-11-27,16.75,17.58,16.71,17.45,464000.0,0.0,1.0,16.75,17.58,16.71,17.45,464000.0
2002-11-26,17.5,18.44,16.35,16.39,1386500.0,0.0,1.0,17.5,18.44,16.35,16.39,1386500.0
2002-11-25,16.55,16.8,16.4,16.66,469500.0,0.0,1.0,16.55,16.8,16.4,16.66,469500.0
2002-11-22,16.4,16.72,16.32,16.45,431600.0,0.0,1.0,16.4,16.72,16.32,16.45,431600.0
2002-11-21,15.41,16.45,15.4,16.32,569700.0,0.0,1.0,15.41,16.45,15.4,16.32,569700.0
2002-11-20,14.15,15.35,14.13,15.28,1069800.0,0.0,1.0,14.15,15.35,14.13,15.28,1069800.0
2002-11-19,14.63,14.74,14.02,14.13,657900.0,0.0,1.0,14.63,14.74,14.02,14.13,657900.0
2002-11-18,14.81,15.09,14.44,14.62,669500.0,0.0,1.0,14.81,15.09,14.44,14.62,669500.0
2002-11-15,15.09,15.13,14.49,14.7,1200700.0,0.0,1.0,15.09,15.13,14.49,14.7,1200700.0
2002-11-14,15.16,15.8,15.05,15.1,910300.0,0.0,1.0,15.16,15.8,15.05,15.1,910300.0
2002-11-13,15.41,15.43,14.7,15.19,396700.0,0.0,1.0,15.41,15.43,14.7,15.19,396700.0
2002-11-12,15.2,15.59,15.02,15.41,526300.0,0.0,1.0,15.2,15.59,15.02,15.41,526300.0
2002-11-11,15.69,15.69,14.82,15.23,300400.0,0.0,1.0,15.69,15.69,14.82,15.23,300400.0
2002-11-08,15.56,15.95,15.0,15.65,529900.0,0.0,1.0,15.56,15.95,15.0,15.65,529900.0
2002-11-07,16.39,16.6,14.98,15.55,713400.0,0.0,1.0,16.39,16.6,14.98,15.55,713400.0
2002-11-06,15.81,16.88,15.81,16.87,556600.0,0.0,1.0,15.81,16.88,15.81,16.87,556600.0
2002-11-05,16.27,16.57,15.65,16.09,727200.0,0.0,1.0,16.27,16.57,15.65,16.09,727200.0
2002-11-04,16.65,17.0,15.99,16.28,568200.0,0.0,1.0,16.65,17.0,15.99,16.28,568200.0
2002-11-01,16.6,16.66,16.11,16.56,321600.0,0.0,1.0,16.6,16.66,16.11,16.56,321600.0
2002-10-31,16.65,17.03,16.5,16.68,1232600.0,0.0,1.0,16.65,17.03,16.5,16.68,1232600.0
2002-10-30,17.73,17.84,16.0,16.27,2702000.0,0.0,1.0,17.73,17.84,16.0,16.27,2702000.0
2002-10-29,17.67,18.0,16.99,17.56,520400.0,0.0,1.0,17.67,18.0,16.99,17.56,520400.0
2002-10-28,17.86,18.45,17.37,17.71,599400.0,0.0,1.0,17.86,18.45,17.37,17.71,599400.0
2002-10-25,16.96,18.05,16.96,17.84,403100.0,0.0,1.0,16.96,18.05,16.96,17.84,403100.0
2002-10-24,17.55,17.75,16.45,17.06,591000.0,0.0,1.0,17.55,17.75,16.45,17.06,591000.0
2002-10-23,17.58,17.94,17.4,17.55,648400.0,0.0,1.0,17.58,17.94,17.4,17.55,648400.0
2002-10-22,17.16,17.66,16.89,17.49,965500.0,0.0,1.0,17.16,17.66,16.89,17.49,965500.0
2002-10-21,16.27,17.29,16.27,17.21,935600.0,0.0,1.0,16.27,17.29,16.27,17.21,935600.0
2002-10-18,16.33,16.87,16.2,16.41,333800.0,0.0,1.0,16.33,16.87,16.2,16.41,333800.0
2002-10-17,15.64,16.66,15.64,16.42,1022000.0,0.0,1.0,15.64,16.66,15.64,16.42,1022000.0
2002-10-16,15.8,16.02,15.48,15.57,207100.0,0.0,1.0,15.8,16.02,15.48,15.57,207100.0
2002-10-15,16.05,16.64,15.79,15.85,986800.0,0.0,1.0,16.05,16.64,15.79,15.85,986800.0
2002-10-14,15.3,15.75,15.3,15.62,258600.0,0.0,1.0,15.3,15.75,15.3,15.62,258600.0
2002-10-11,14.68,15.67,14.65,15.41,781100.0,0.0,1.0,14.68,15.67,14.65,15.41,781100.0
2002-10-10,13.6,15.0,13.55,14.61,727200.0,0.0,1.0,13.6,15.0,13.55,14.61,727200.0
2002-10-09,14.07,14.58,13.53,13.56,542900.0,0.0,1.0,14.07,14.58,13.53,13.56,542900.0
2002-10-08,14.24,15.03,13.78,14.1,537300.0,0.0,1.0,14.24,15.03,13.78,14.1,537300.0
2002-10-07,15.48,15.66,13.81,14.05,489500.0,0.0,1.0,15.48,15.66,13.81,14.05,489500.0
2002-10-04,15.59,15.77,15.45,15.48,595400.0,0.0,1.0,15.59,15.77,15.45,15.48,595400.0
2002-10-03,16.1,16.1,15.48,15.54,557100.0,0.0,1.0,16.1,16.1,15.48,15.54,557100.0
2002-10-02,16.39,16.55,16.01,16.08,452900.0,0.0,1.0,16.39,16.55,16.01,16.08,452900.0
2002-10-01,16.5,16.7,16.23,16.5,593300.0,0.0,1.0,16.5,16.7,16.23,16.5,593300.0
2002-09-30,16.62,16.62,16.11,16.49,514700.0,0.0,1.0,16.62,16.62,16.11,16.49,514700.0
2002-09-27,17.5,17.64,16.66,16.69,185000.0,0.0,1.0,17.5,17.64,16.66,16.69,185000.0
2002-09-26,16.8,17.77,16.72,17.41,1920700.0,0.0,1.0,16.8,17.77,16.72,17.41,1920700.0
2002-09-25,16.43,16.84,16.25,16.81,626000.0,0.0,1.0,16.43,16.84,16.25,16.81,626000.0
2002-09-24,16.34,16.65,16.15,16.4,376700.0,0.0,1.0,16.34,16.65,16.15,16.4,376700.0
2002-09-23,16.71,16.78,16.12,16.41,254900.0,0.0,1.0,16.71,16.78,16.12,16.41,254900.0
2002-09-20,16.64,17.18,16.62,16.88,593000.0,0.0,1.0,16.64,17.18,16.62,16.88,593000.0
2002-09-19,17.12,17.4,16.5,16.63,700300.0,0.0,1.0,17.12,17.4,16.5,16.63,700300.0
2002-09-18,17.31,17.31,16.85,16.94,583000.0,0.0,1.0,17.31,17.31,16.85,16.94,583000.0
2002-09-17,17.52,17.65,17.23,17.32,798700.0,0.0,1.0,17.52,17.65,17.23,17.32,798700.0
2002-09-16,17.36,17.65,16.89,17.38,274700.0,0.0,1.0,17.36,17.65,16.89,17.38,274700.0
2002-09-13,17.23,17.51,16.99,17.43,248500.0,0.0,1.0,17.23,17.51,16.99,17.43,248500.0
2002-09-12,17.52,17.7,17.14,17.25,354500.0,0.0,1.0,17.52,17.7,17.14,17.25,354500.0
2002-09-11,17.86,18.07,17.53,17.59,481300.0,0.0,1.0,17.86,18.07,17.53,17.59,481300.0
2002-09-10,18.01,18.25,17.41,17.79,1034500.0,0.0,1.0,18.01,18.25,17.41,17.79,1034500.0
2002-09-09,17.06,18.16,16.96,17.87,411400.0,0.0,1.0,17.06,18.16,16.96,17.87,411400.0
2002-09-06,16.28,17.27,16.28,17.2,247500.0,0.0,1.0,16.28,17.27,16.28,17.2,247500.0
2002-09-05,16.3,16.51,15.91,16.24,340200.0,0.0,1.0,16.3,16.51,15.91,16.24,340200.0
2002-09-04,15.6,16.25,15.27,16.22,274400.0,0.0,1.0,15.6,16.25,15.27,16.22,274400.0
2002-09-03,15.72,15.86,15.45,15.65,401600.0,0.0,1.0,15.72,15.86,15.45,15.65,401600.0
2002-08-30,15.87,16.1,15.65,15.73,145000.0,0.0,1.0,15.87,16.1,15.65,15.73,145000.0
2002-08-29,15.37,16.32,15.25,15.99,689700.0,0.0,1.0,15.37,16.32,15.25,15.99,689700.0
2002-08-28,15.61,15.63,14.68,15.41,444900.0,0.0,1.0,15.61,15.63,14.68,15.41,444900.0
2002-08-27,16.41,16.5,15.43,15.63,396800.0,0.0,1.0,16.41,16.5,15.43,15.63,396800.0
2002-08-26,16.45,16.66,16.22,16.43,212600.0,0.0,1.0,16.45,16.66,16.22,16.43,212600.0
2002-08-23,16.66,16.77,16.01,16.44,381300.0,0.0,1.0,16.66,16.77,16.01,16.44,381300.0
2002-08-22,16.6,17.09,16.5,16.62,376600.0,0.0,1.0,16.6,17.09,16.5,16.62,376600.0
2002-08-21,16.45,16.85,16.35,16.66,486200.0,0.0,1.0,16.45,16.85,16.35,16.66,486200.0
2002-08-20,15.81,16.85,15.81,16.37,628100.0,0.0,1.0,15.81,16.85,15.81,16.37,628100.0
2002-08-19,15.3,16.29,15.28,15.9,782200.0,0.0,1.0,15.3,16.29,15.28,15.9,782200.0
2002-08-16,13.99,15.39,13.51,15.17,711400.0,0.0,1.0,13.99,15.39,13.51,15.17,711400.0
2002-08-15,12.38,13.99,12.38,13.95,552200.0,0.0,1.0,12.38,13.99,12.38,13.95,552200.0
2002-08-14,12.18,12.45,11.9,12.37,230400.0,0.0,1.0,12.18,12.45,11.9,12.37,230400.0
2002-08-13,12.51,12.77,12.1,12.21,472300.0,0.0,1.0,12.51,12.77,12.1,12.21,472300.0
2002-08-12,12.15,12.62,11.78,12.58,545000.0,0.0,1.0,12.15,12.62,11.78,12.58,545000.0
2002-08-09,11.79,12.2,11.6,12.15,397700.0,0.0,1.0,11.79,12.2,11.6,12.15,397700.0
2002-08-08,12.18,12.25,11.74,12.03,584000.0,0.0,1.0,12.18,12.25,11.74,12.03,584000.0
2002-08-07,12.35,12.89,12.06,12.28,1884400.0,0.0,1.0,12.35,12.89,12.06,12.28,1884400.0
2002-08-06,11.13,12.33,11.13,12.3,1250700.0,0.0,1.0,11.13,12.33,11.13,12.3,1250700.0
2002-08-05,13.78,13.78,10.52,10.84,1924700.0,0.0,1.0,13.78,13.78,10.52,10.84,1924700.0
2002-08-02,13.94,13.95,13.1,13.86,353400.0,0.0,1.0,13.94,13.95,13.1,13.86,353400.0
2002-08-01,14.03,14.15,13.8,13.99,395600.0,0.0,1.0,14.03,14.15,13.8,13.99,395600.0
2002-07-31,14.21,14.23,13.53,14.0,796800.0,0.0,1.0,14.21,14.23,13.53,14.0,796800.0
2002-07-30,13.42,14.5,12.77,13.99,866100.0,0.0,1.0,13.42,14.5,12.77,13.99,866100.0
2002-07-29,11.96,13.5,11.95,13.42,391400.0,0.0,1.0,11.96,13.5,11.95,13.42,391400.0
2002-07-26,12.0,12.1,11.16,12.0,641400.0,0.0,1.0,12.0,12.1,11.16,12.0,641400.0
2002-07-25,11.86,12.79,11.45,11.99,662600.0,0.0,1.0,11.86,12.79,11.45,11.99,662600.0
2002-07-24,11.66,12.26,10.5,12.0,664200.0,0.0,1.0,11.66,12.26,10.5,12.0,664200.0
2002-07-23,12.55,12.78,10.74,11.72,1000600.0,0.0,1.0,12.55,12.78,10.74,11.72,1000600.0
2002-07-22,13.26,13.48,12.33,12.74,560000.0,0.0,1.0,13.26,13.48,12.33,12.74,560000.0
2002-07-19,13.48,13.49,12.4,13.18,969800.0,0.0,1.0,13.48,13.49,12.4,13.18,969800.0
2002-07-18,13.95,13.95,13.26,13.49,389900.0,0.0,1.0,13.95,13.95,13.26,13.49,389900.0
2002-07-17,13.55,14.27,13.15,13.94,348200.0,0.0,1.0,13.55,14.27,13.15,13.94,348200.0
2002-07-16,13.44,13.95,13.07,13.52,1002000.0,0.0,1.0,13.44,13.95,13.07,13.52,1002000.0
2002-07-15,13.84,14.3,12.77,13.72,476800.0,0.0,1.0,13.84,14.3,12.77,13.72,476800.0
2002-07-12,13.69,14.45,13.39,13.85,221100.0,0.0,1.0,13.69,14.45,13.39,13.85,221100.0
2002-07-11,14.0,14.0,13.41,13.53,650000.0,0.0,1.0,14.0,14.0,13.41,13.53,650000.0
2002-07-10,14.42,14.95,13.86,14.04,428000.0,0.0,1.0,14.42,14.95,13.86,14.04,428000.0
2002-07-09,14.8,15.02,13.88,14.37,790000.0,0.0,1.0,14.8,15.02,13.88,14.37,790000.0
2002-07-08,15.35,15.51,14.75,14.76,256400.0,0.0,1.0,15.35,15.51,14.75,14.76,256400.0
2002-07-05,14.59,15.33,14.52,15.29,178800.0,0.0,1.0,14.59,15.33,14.52,15.29,178800.0
2002-07-03,14.0,14.56,13.86,14.45,924300.0,0.0,1.0,14.0,14.56,13.86,14.45,924300.0
2002-07-02,13.9,14.09,12.76,14.09,1492200.0,0.0,1.0,13.9,14.09,12.76,14.09,1492200.0
2002-07-01,14.63,15.06,13.59,13.99,1329300.0,0.0,1.0,14.63,15.06,13.59,13.99,1329300.0
2002-06-28,13.89,14.99,13.6,14.87,1829500.0,0.0,1.0,13.89,14.99,13.6,14.87,1829500.0
2002-06-27,14.5,15.37,12.26,13.71,3408900.0,0.0,1.0,14.5,15.37,12.26,13.71,3408900.0
2002-06-26,14.85,15.09,13.22,14.51,5050600.0,0.0,1.0,14.85,15.09,13.22,14.51,5050600.0
2002-06-25,17.16,17.2,13.77,15.15,5883200.0,0.0,1.0,17.16,17.2,13.77,15.15,5883200.0
2002-06-24,18.6,18.74,16.71,17.49,1444200.0,0.0,1.0,18.6,18.74,16.71,17.49,1444200.0
2002-06-21,19.0,19.14,18.23,18.62,1261800.0,0.0,1.0,19.0,19.14,18.23,18.62,1261800.0
2002-06-20,20.89,20.9,18.8,19.01,445800.0,0.0,1.0,20.89,20.9,18.8,19.01,445800.0
2002-06-19,20.97,21.14,20.68,20.95,533200.0,0.0,1.0,20.97,21.14,20.68,20.95,533200.0
2002-06-18,20.76,21.36,20.75,20.87,501100.0,0.0,1.0,20.76,21.36,20.75,20.87,501100.0
2002-06-17,20.36,20.78,20.16,20.78,229700.0,0.0,1.0,20.36,20.78,20.16,20.78,229700.0
2002-06-14,20.6,20.6,19.47,20.16,580000.0,0.0,1.0,20.6,20.6,19.47,20.16,580000.0
2002-06-13,20.66,20.88,20.5,20.51,358500.0,0.0,1.0,20.66,20.88,20.5,20.51,358500.0
2002-06-12,20.9,22.3,20.17,20.8,1511400.0,0.0,1.0,20.9,22.3,20.17,20.8,1511400.0
2002-06-11,21.0,21.43,20.65,20.87,420900.0,0.0,1.0,21.0,21.43,20.65,20.87,420900.0
2002-06-10,21.14,21.46,20.56,21.0,154400.0,0.0,1.0,21.14,21.46,20.56,21.0,154400.0
2002-06-07,20.9,21.45,20.89,21.13,377100.0,0.0,1.0,20.9,21.45,20.89,21.13,377100.0
2002-06-06,21.55,21.55,20.46,21.01,573900.0,0.0,1.0,21.55,21.55,20.46,21.01,573900.0
2002-06-05,21.6,21.73,21.26,21.54,118100.0,0.0,1.0,21.6,21.73,21.26,21.54,118100.0
2002-06-04,22.0,22.0,21.04,21.59,363600.0,0.0,1.0,22.0,22.0,21.04,21.59,363600.0
2002-06-03,21.56,22.03,21.42,21.98,334900.0,0.0,1.0,21.56,22.03,21.42,21.98,334900.0
2002-05-31,21.59,21.75,21.3,21.7,347700.0,0.0,1.0,21.59,21.75,21.3,21.7,347700.0
2002-05-30,21.73,21.98,21.46,21.7,375900.0,0.0,1.0,21.73,21.98,21.46,21.7,375900.0
2002-05-29,21.6,21.72,21.49,21.65,260500.0,0.0,1.0,21.6,21.72,21.49,21.65,260500.0
2002-05-28,22.08,22.32,21.42,21.46,184200.0,0.0,1.0,22.08,22.32,21.42,21.46,184200.0
2002-05-24,22.12,22.86,22.09,22.09,385500.0,0.0,1.0,22.12,22.86,22.09,22.09,385500.0
2002-05-23,21.61,22.16,21.53,22.04,233500.0,0.0,1.0,21.61,22.16,21.53,22.04,233500.0
2002-05-22,22.0,22.01,21.5,21.57,173200.0,0.0,1.0,22.0,22.01,21.5,21.57,173200.0
2002-05-21,22.09,22.45,21.99,21.99,612800.0,0.0,1.0,22.09,22.45,21.99,21.99,612800.0
2002-05-20,22.36,22.38,21.5,22.07,441000.0,0.0,1.0,22.36,22.38,21.5,22.07,441000.0
2002-05-17,22.56,22.75,22.2,22.48,514000.0,0.0,1.0,22.56,22.75,22.2,22.48,514000.0
2002-05-16,22.84,22.9,22.12,22.48,428500.0,0.0,1.0,22.84,22.9,22.12,22.48,428500.0
2002-05-15,22.81,23.14,22.24,22.85,506100.0,0.0,1.0,22.81,23.14,22.24,22.85,506100.0
2002-05-14,24.02,24.39,22.65,22.96,647200.0,0.0,1.0,24.02,24.39,22.65,22.96,647200.0
2002-05-13,22.15,24.03,22.12,23.91,366100.0,0.0,1.0,22.15,24.03,22.12,23.91,366100.0
2002-05-10,22.42,22.7,21.8,22.01,864400.0,0.0,1.0,22.42,22.7,21.8,22.01,864400.0
2002-05-09,23.0,23.25,22.28,22.28,297100.0,0.0,1.0,23.0,23.25,22.28,22.28,297100.0
2002-05-08,22.76,23.5,22.76,23.1,425900.0,0.0,1.0,22.76,23.5,22.76,23.1,425900.0
2002-05-07,23.05,24.17,22.56,22.6,486800.0,0.0,1.0,23.05,24.17,22.56,22.6,486800.0
2002-05-06,23.35,24.81,22.47,22.85,754100.0,0.0,1.0,23.35,24.81,22.47,22.85,754100.0
2002-05-03,22.14,23.7,22.1,23.3,2220100.0,0.0,1.0,22.14,23.7,22.1,23.3,2220100.0
2002-05-02,22.5,23.09,21.99,22.0,738100.0,0.0,1.0,22.5,23.09,21.99,22.0,738100.0
2002-05-01,21.38,22.52,20.73,22.5,959500.0,0.0,1.0,21.38,22.52,20.73,22.5,959500.0
2002-04-30,21.0,21.65,20.85,21.4,821200.0,0.0,1.0,21.0,21.65,20.85,21.4,821200.0
2002-04-29,21.31,21.5,20.97,21.0,639000.0,0.0,1.0,21.31,21.5,20.97,21.0,639000.0
2002-04-26,22.38,22.49,20.87,21.2,476300.0,0.0,1.0,22.38,22.49,20.87,21.2,476300.0
2002-04-25,22.94,22.95,22.2,22.48,215000.0,0.0,1.0,22.94,22.95,22.2,22.48,215000.0
2002-04-24,23.05,23.8,22.75,22.99,222500.0,0.0,1.0,23.05,23.8,22.75,22.99,222500.0
2002-04-23,22.46,23.04,22.38,23.03,219400.0,0.0,1.0,22.46,23.04,22.38,23.03,219400.0
2002-04-22,23.17,23.3,22.13,22.46,224300.0,0.0,1.0,23.17,23.3,22.13,22.46,224300.0
2002-04-19,22.87,23.28,22.64,23.18,195900.0,0.0,1.0,22.87,23.28,22.64,23.18,195900.0
2002-04-18,23.06,23.48,22.73,22.87,341300.0,0.0,1.0,23.06,23.48,22.73,22.87,341300.0
2002-04-17,23.15,23.4,22.79,23.0,284700.0,0.0,1.0,23.15,23.4,22.79,23.0,284700.0
2002-04-16,23.5,23.65,22.8,23.1,654700.0,0.0,1.0,23.5,23.65,22.8,23.1,654700.0
2002-04-15,23.0,23.91,22.79,23.25,1044300.0,0.0,1.0,23.0,23.91,22.79,23.25,1044300.0
2002-04-12,21.77,23.21,21.66,23.01,447500.0,0.0,1.0,21.77,23.21,21.66,23.01,447500.0
2002-04-11,22.8,22.85,21.56,21.66,476800.0,0.0,1.0,22.8,22.85,21.56,21.66,476800.0
2002-04-10,22.6,23.07,22.5,22.95,330100.0,0.0,1.0,22.6,23.07,22.5,22.95,330100.0
2002-04-09,22.15,22.81,22.04,22.75,667800.0,0.0,1.0,22.15,22.81,22.04,22.75,667800.0
2002-04-08,22.31,22.57,21.65,22.5,1122100.0,0.0,1.0,22.31,22.57,21.65,22.5,1122100.0
2002-04-05,21.2,22.89,21.06,22.77,4531400.0,0.0,1.0,21.2,22.89,21.06,22.77,4531400.0
2002-04-04,19.79,21.15,19.79,20.44,322300.0,0.0,1.0,19.79,21.15,19.79,20.44,322300.0
2002-04-03,20.2,20.4,19.04,19.99,402300.0,0.0,1.0,20.2,20.4,19.04,19.99,402300.0
2002-04-02,20.85,20.91,20.2,20.2,475100.0,0.0,1.0,20.85,20.91,20.2,20.2,475100.0
2002-04-01,20.57,21.02,20.35,20.85,352100.0,0.0,1.0,20.57,21.02,20.35,20.85,352100.0
2002-03-28,19.93,20.65,19.79,20.6,327900.0,0.0,1.0,19.93,20.65,19.79,20.6,327900.0
2002-03-27,20.25,20.31,19.52,19.99,123400.0,0.0,1.0,20.25,20.31,19.52,19.99,123400.0
2002-03-26,20.6,20.8,19.68,20.38,109700.0,0.0,1.0,20.6,20.8,19.68,20.38,109700.0
2002-03-25,20.17,20.79,18.78,20.71,627800.0,0.0,1.0,20.17,20.79,18.78,20.71,627800.0
2002-03-22,21.54,21.67,20.43,20.52,622500.0,0.0,1.0,21.54,21.67,20.43,20.52,622500.0
2002-03-21,21.99,22.14,21.35,21.65,479300.0,0.0,1.0,21.99,22.14,21.35,21.65,479300.0
2002-03-20,22.25,22.58,21.85,21.99,434500.0,0.0,1.0,22.25,22.58,21.85,21.99,434500.0
2002-03-19,22.4,22.4,21.95,22.39,652900.0,0.0,1.0,22.4,22.4,21.95,22.39,652900.0
2002-03-18,21.18,22.5,21.05,22.49,1450500.0,0.0,1.0,21.18,22.5,21.05,22.49,1450500.0
2002-03-15,19.96,21.2,19.92,21.11,434200.0,0.0,1.0,19.96,21.2,19.92,21.11,434200.0
2002-03-14,19.76,20.1,19.68,19.89,213400.0,0.0,1.0,19.76,20.1,19.68,19.89,213400.0
2002-03-13,19.64,19.92,19.55,19.76,335100.0,0.0,1.0,19.64,19.92,19.55,19.76,335100.0
2002-03-12,19.92,20.21,19.6,19.71,578400.0,0.0,1.0,19.92,20.21,19.6,19.71,578400.0
2002-03-11,20.6,20.6,19.93,19.95,930800.0,0.0,1.0,20.6,20.6,19.93,19.95,930800.0
2002-03-08,20.04,20.92,20.0,20.8,1418100.0,0.0,1.0,20.04,20.92,20.0,20.8,1418100.0
2002-03-07,18.63,19.94,18.63,19.71,663300.0,0.0,1.0,18.63,19.94,18.63,19.71,663300.0
2002-03-06,18.13,18.62,17.94,18.62,169400.0,0.0,1.0,18.13,18.62,17.94,18.62,169400.0
2002-03-05,17.6,18.2,17.47,18.05,374400.0,0.0,1.0,17.6,18.2,17.47,18.05,374400.0
2002-03-04,17.8,17.98,17.52,17.71,419000.0,0.0,1.0,17.8,17.98,17.52,17.71,419000.0
2002-03-01,17.8,17.9,17.23,17.7,439800.0,0.0,1.0,17.8,17.9,17.23,17.7,439800.0
2002-02-28,17.97,18.5,17.72,17.75,494100.0,0.0,1.0,17.97,18.5,17.72,17.75,494100.0
2002-02-27,18.25,18.3,17.65,17.86,161000.0,0.0,1.0,18.25,18.3,17.65,17.86,161000.0
2002-02-26,18.94,18.94,18.3,18.48,333100.0,0.0,1.0,18.94,18.94,18.3,18.48,333100.0
2002-02-25,18.9,19.05,18.7,18.9,288500.0,0.0,1.0,18.9,19.05,18.7,18.9,288500.0
2002-02-22,18.85,18.87,18.6,18.86,550600.0,0.0,1.0,18.85,18.87,18.6,18.86,550600.0
2002-02-21,18.9,18.95,18.55,18.8,478000.0,0.0,1.0,18.9,18.95,18.55,18.8,478000.0
2002-02-20,18.55,19.15,18.55,18.9,566900.0,0.0,1.0,18.55,19.15,18.55,18.9,566900.0
2002-02-19,18.87,18.88,18.04,18.54,788100.0,0.0,1.0,18.87,18.88,18.04,18.54,788100.0
2002-02-15,19.7,19.78,18.56,18.68,699300.0,0.0,1.0,19.7,19.78,18.56,18.68,699300.0
2002-02-14,20.43,20.57,19.62,19.62,270300.0,0.0,1.0,20.43,20.57,19.62,19.62,270300.0
2002-02-13,19.35,20.5,19.35,20.48,780400.0,0.0,1.0,19.35,20.5,19.35,20.48,780400.0
2002-02-12,19.37,19.72,19.25,19.29,232300.0,0.0,1.0,19.37,19.72,19.25,19.29,232300.0
2002-02-11,19.16,19.7,19.16,19.39,326100.0,0.0,1.0,19.16,19.7,19.16,19.39,326100.0
2002-02-08,19.69,19.88,19.17,19.29,394500.0,0.0,1.0,19.69,19.88,19.17,19.29,394500.0
2002-02-07,18.82,19.66,18.52,19.66,499100.0,0.0,1.0,18.82,19.66,18.52,19.66,499100.0
2002-02-06,17.6,18.9,17.6,18.72,448400.0,0.0,1.0,17.6,18.9,17.6,18.72,448400.0
2002-02-05,17.13,17.65,17.05,17.59,106700.0,0.0,1.0,17.13,17.65,17.05,17.59,106700.0
2002-02-04,17.76,17.76,17.1,17.15,88200.0,0.0,1.0,17.76,17.76,17.1,17.15,88200.0
2002-02-01,17.51,18.01,17.37,17.81,696000.0,0.0,1.0,17.51,18.01,17.37,17.81,696000.0
2002-01-31,16.83,17.6,16.83,17.51,202500.0,0.0,1.0,16.83,17.6,16.83,17.51,202500.0
2002-01-30,17.53,17.53,16.54,16.79,507600.0,0.0,1.0,17.53,17.53,16.54,16.79,507600.0
2002-01-29,17.53,17.8,17.36,17.55,808700.0,0.0,1.0,17.53,17.8,17.36,17.55,808700.0
2002-01-28,17.36,17.7,17.25,17.65,244100.0,0.0,1.0,17.36,17.7,17.25,17.65,244100.0
2002-01-25,16.89,17.5,16.89,17.37,432000.0,0.0,1.0,16.89,17.5,16.89,17.37,432000.0
2002-01-24,16.73,17.2,16.48,17.0,174000.0,0.0,1.0,16.73,17.2,16.48,17.0,174000.0
2002-01-23,16.83,16.95,16.56,16.65,98500.0,0.0,1.0,16.83,16.95,16.56,16.65,98500.0
2002-01-22,16.73,17.05,16.45,16.79,81600.0,0.0,1.0,16.73,17.05,16.45,16.79,81600.0
2002-01-18,17.0,17.16,16.53,16.7,305200.0,0.0,1.0,17.0,17.16,16.53,16.7,305200.0
2002-01-17,16.65,17.25,16.49,17.1,376600.0,0.0,1.0,16.65,17.25,16.49,17.1,376600.0
2002-01-16,17.07,17.13,16.39,16.61,414700.0,0.0,1.0,17.07,17.13,16.39,16.61,414700.0
2002-01-15,17.61,17.9,17.05,17.05,377200.0,0.0,1.0,17.61,17.9,17.05,17.05,377200.0
2002-01-14,18.7,18.84,17.46,17.69,566500.0,0.0,1.0,18.7,18.84,17.46,17.69,566500.0
2002-01-11,19.05,19.34,18.7,18.8,434900.0,0.0,1.0,19.05,19.34,18.7,18.8,434900.0
2002-01-10,18.86,19.05,18.8,19.04,164800.0,0.0,1.0,18.86,19.05,18.8,19.04,164800.0
2002-01-09,19.12,19.35,18.73,18.73,112200.0,0.0,1.0,19.12,19.35,18.73,18.73,112200.0
2002-01-08,19.1,19.3,18.9,19.3,102100.0,0.0,1.0,19.1,19.3,18.9,19.3,102100.0
2002-01-07,19.26,19.27,19.02,19.2,162100.0,0.0,1.0,19.26,19.27,19.02,19.2,162100.0
2002-01-04,18.5,19.05,18.31,19.05,541200.0,0.0,1.0,18.5,19.05,18.31,19.05,541200.0
2002-01-03,18.25,18.65,18.25,18.42,573800.0,0.0,1.0,18.25,18.65,18.25,18.42,573800.0
2002-01-02,18.1,18.5,18.0,18.48,262200.0,0.0,1.0,18.1,18.5,18.0,18.48,262200.0
2001-12-31,18.3,18.55,17.88,18.01,209300.0,0.0,1.0,18.3,18.55,17.88,18.01,209300.0
2001-12-28,18.38,18.64,18.24,18.31,360500.0,0.0,1.0,18.38,18.64,18.24,18.31,360500.0
2001-12-27,18.46,18.55,18.21,18.43,208600.0,0.0,1.0,18.46,18.55,18.21,18.43,208600.0
2001-12-26,18.37,18.5,18.03,18.44,86300.0,0.0,1.0,18.37,18.5,18.03,18.44,86300.0
2001-12-24,18.13,18.39,18.13,18.23,23500.0,0.0,1.0,18.13,18.39,18.13,18.23,23500.0
2001-12-21,17.96,18.41,17.89,18.0,272500.0,0.0,1.0,17.96,18.41,17.89,18.0,272500.0
2001-12-20,18.0,18.13,17.54,17.95,290000.0,0.0,1.0,18.0,18.13,17.54,17.95,290000.0
2001-12-19,17.91,18.09,17.82,18.03,226000.0,0.0,1.0,17.91,18.09,17.82,18.03,226000.0
2001-12-18,17.66,18.05,17.66,17.95,164800.0,0.0,1.0,17.66,18.05,17.66,17.95,164800.0
2001-12-17,17.65,17.94,17.49,17.8,136700.0,0.0,1.0,17.65,17.94,17.49,17.8,136700.0
2001-12-14,17.51,17.8,17.5,17.62,235700.0,0.0,1.0,17.51,17.8,17.5,17.62,235700.0
2001-12-13,17.6,17.97,17.3,17.7,520700.0,0.0,1.0,17.6,17.97,17.3,17.7,520700.0
2001-12-12,17.69,17.89,17.6,17.62,303700.0,0.0,1.0,17.69,17.89,17.6,17.62,303700.0
2001-12-11,17.4,17.81,17.3,17.73,337300.0,0.0,1.0,17.4,17.81,17.3,17.73,337300.0
2001-12-10,17.41,17.8,17.32,17.44,414400.0,0.0,1.0,17.41,17.8,17.32,17.44,414400.0
2001-12-07,17.2,17.61,17.1,17.45,511100.0,0.0,1.0,17.2,17.61,17.1,17.45,511100.0
2001-12-06,17.1,17.49,16.69,17.22,746600.0,0.0,1.0,17.1,17.49,16.69,17.22,746600.0
2001-12-05,16.5,17.2,16.35,17.2,437100.0,0.0,1.0,16.5,17.2,16.35,17.2,437100.0
2001-12-04,16.18,16.77,15.93,16.49,159500.0,0.0,1.0,16.18,16.77,15.93,16.49,159500.0
2001-12-03,15.61,16.24,15.59,16.0,311600.0,0.0,1.0,15.61,16.24,15.59,16.0,311600.0
2001-11-30,15.63,15.97,15.45,15.77,474500.0,0.0,1.0,15.63,15.97,15.45,15.77,474500.0
2001-11-29,15.8,15.8,15.38,15.61,99600.0,0.0,1.0,15.8,15.8,15.38,15.61,99600.0
2001-11-28,15.98,16.25,15.7,15.86,106300.0,0.0,1.0,15.98,16.25,15.7,15.86,106300.0
2001-11-27,16.0,16.24,15.75,16.05,299700.0,0.0,1.0,16.0,16.24,15.75,16.05,299700.0
2001-11-26,15.18,16.0,15.18,15.95,298500.0,0.0,1.0,15.18,16.0,15.18,15.95,298500.0
2001-11-23,14.95,15.42,14.85,15.18,98100.0,0.0,1.0,14.95,15.42,14.85,15.18,98100.0
2001-11-21,15.33,15.47,14.37,14.88,160300.0,0.0,1.0,15.33,15.47,14.37,14.88,160300.0
2001-11-20,15.5,15.93,15.35,15.4,323200.0,0.0,1.0,15.5,15.93,15.35,15.4,323200.0
2001-11-19,15.92,16.1,15.76,15.9,479100.0,0.0,1.0,15.92,16.1,15.76,15.9,479100.0
2001-11-16,15.51,15.89,15.3,15.75,776000.0,0.0,1.0,15.51,15.89,15.3,15.75,776000.0
2001-11-15,14.65,15.52,14.55,15.52,1990200.0,0.0,1.0,14.65,15.52,14.55,15.52,1990200.0
2001-11-14,14.25,14.66,14.2,14.63,929300.0,0.0,1.0,14.25,14.66,14.2,14.63,929300.0
2001-11-13,13.26,14.36,13.26,14.2,1880800.0,0.0,1.0,13.26,14.36,13.26,14.2,1880800.0
2001-11-12,13.05,13.25,12.7,13.21,349700.0,0.0,1.0,13.05,13.25,12.7,13.21,349700.0
2001-11-09,12.6,12.9,12.37,12.81,698400.0,0.0,1.0,12.6,12.9,12.37,12.81,698400.0
2001-11-08,12.5,12.79,12.35,12.54,519700.0,0.0,1.0,12.5,12.79,12.35,12.54,519700.0
2001-11-07,12.51,12.72,12.13,12.38,609800.0,0.0,1.0,12.51,12.72,12.13,12.38,609800.0
2001-11-06,11.54,12.54,11.54,12.38,1226300.0,0.0,1.0,11.54,12.54,11.54,12.38,1226300.0
2001-11-05,11.06,11.63,11.0,11.62,306200.0,0.0,1.0,11.06,11.63,11.0,11.62,306200.0
2001-11-02,10.99,11.2,10.75,10.95,902700.0,0.0,1.0,10.99,11.2,10.75,10.95,902700.0
2001-11-01,11.57,11.6,10.93,11.05,627300.0,0.0,1.0,11.57,11.6,10.93,11.05,627300.0
2001-10-31,11.54,11.64,11.42,11.55,881500.0,0.0,1.0,11.54,11.64,11.42,11.55,881500.0
2001-10-30,11.9,11.9,11.02,11.29,1793300.0,0.0,1.0,11.9,11.9,11.02,11.29,1793300.0
2001-10-29,12.45,12.45,11.7,12.0,66700.0,0.0,1.0,12.45,12.45,11.7,12.0,66700.0
2001-10-26,12.2,12.35,12.08,12.17,93300.0,0.0,1.0,12.2,12.35,12.08,12.17,93300.0
2001-10-25,12.41,12.5,11.97,12.19,829200.0,0.0,1.0,12.41,12.5,11.97,12.19,829200.0
2001-10-24,12.51,12.65,12.41,12.45,962800.0,0.0,1.0,12.51,12.65,12.41,12.45,962800.0
2001-10-23,12.26,12.61,12.11,12.47,233200.0,0.0,1.0,12.26,12.61,12.11,12.47,233200.0
2001-10-22,12.05,12.3,11.74,12.21,215700.0,0.0,1.0,12.05,12.3,11.74,12.21,215700.0
2001-10-19,12.13,12.13,11.65,11.89,176800.0,0.0,1.0,12.13,12.13,11.65,11.89,176800.0
2001-10-18,11.95,12.1,11.93,12.03,23600.0,0.0,1.0,11.95,12.1,11.93,12.03,23600.0
2001-10-17,13.05,13.35,11.96,12.05,188600.0,0.0,1.0,13.05,13.35,11.96,12.05,188600.0
2001-10-16,12.86,13.3,12.86,13.06,449300.0,0.0,1.0,12.86,13.3,12.86,13.06,449300.0
2001-10-15,12.91,13.16,12.75,12.9,536200.0,0.0,1.0,12.91,13.16,12.75,12.9,536200.0
2001-10-12,12.8,12.98,12.32,12.93,337600.0,0.0,1.0,12.8,12.98,12.32,12.93,337600.0
2001-10-11,12.38,13.15,12.38,12.82,561900.0,0.0,1.0,12.38,13.15,12.38,12.82,561900.0
2001-10-10,11.59,12.35,11.5,12.33,255400.0,0.0,1.0,11.59,12.35,11.5,12.33,255400.0
2001-10-09,11.95,12.01,11.66,11.66,330200.0,0.0,1.0,11.95,12.01,11.66,11.66,330200.0
2001-10-08,12.58,12.58,11.91,12.15,273000.0,0.0,1.0,12.58,12.58,11.91,12.15,273000.0
2001-10-05,12.94,12.94,11.91,12.47,252900.0,0.0,1.0,12.94,12.94,11.91,12.47,252900.0
2001-10-04,11.8,13.05,11.78,12.9,539000.0,0.0,1.0,11.8,13.05,11.78,12.9,539000.0
2001-10-03,11.54,11.89,11.38,11.75,727300.0,0.0,1.0,11.54,11.89,11.38,11.75,727300.0
2001-10-02,11.62,11.75,11.15,11.65,278000.0,0.0,1.0,11.62,11.75,11.15,11.65,278000.0
2001-10-01,11.5,11.7,11.18,11.62,254100.0,0.0,1.0,11.5,11.7,11.18,11.62,254100.0
2001-09-28,10.91,11.7,10.91,11.54,374600.0,0.0,1.0,10.91,11.7,10.91,11.54,374600.0
2001-09-27,10.63,11.4,10.5,11.4,411200.0,0.0,1.0,10.63,11.4,10.5,11.4,411200.0
2001-09-26,11.3,11.3,10.52,10.75,668000.0,0.0,1.0,11.3,11.3,10.52,10.75,668000.0
2001-09-25,11.4,11.4,10.75,11.0,1156500.0,0.0,1.0,11.4,11.4,10.75,11.0,1156500.0
2001-09-24,11.0,11.58,10.99,11.35,814600.0,0.0,1.0,11.0,11.58,10.99,11.35,814600.0
2001-09-21,9.95,10.75,9.95,10.67,614400.0,0.0,1.0,9.95,10.75,9.95,10.67,614400.0
2001-09-20,10.12,10.16,9.95,10.07,1037400.0,0.0,1.0,10.12,10.16,9.95,10.07,1037400.0
2001-09-19,11.29,11.29,9.2,10.19,1281500.0,0.0,1.0,11.29,11.29,9.2,10.19,1281500.0
2001-09-18,11.15,11.29,10.92,10.97,630400.0,0.0,1.0,11.15,11.29,10.92,10.97,630400.0
2001-09-17,12.38,12.5,10.91,11.1,1105300.0,0.0,1.0,12.38,12.5,10.91,11.1,1105300.0
2001-09-10,13.39,13.68,12.48,12.59,1231900.0,0.0,1.0,13.39,13.68,12.48,12.59,1231900.0
2001-09-07,14.32,14.32,13.16,13.25,1314600.0,0.0,1.0,14.32,14.32,13.16,13.25,1314600.0
2001-09-06,15.16,15.18,14.15,14.27,870800.0,0.0,1.0,15.16,15.18,14.15,14.27,870800.0
2001-09-05,15.41,15.56,14.97,15.5,850500.0,0.0,1.0,15.41,15.56,14.97,15.5,850500.0
2001-09-04,15.4,15.9,15.25,15.54,646500.0,0.0,1.0,15.4,15.9,15.25,15.54,646500.0
2001-08-31,14.75,15.55,14.65,15.31,711200.0,0.0,1.0,14.75,15.55,14.65,15.31,711200.0
2001-08-30,15.65,15.69,14.69,14.82,846400.0,0.0,1.0,15.65,15.69,14.69,14.82,846400.0
2001-08-29,16.05,16.15,15.6,15.95,137900.0,0.0,1.0,16.05,16.15,15.6,15.95,137900.0
2001-08-28,16.18,16.18,15.9,16.0,268500.0,0.0,1.0,16.18,16.18,15.9,16.0,268500.0
2001-08-27,16.31,16.62,16.02,16.02,157900.0,0.0,1.0,16.31,16.62,16.02,16.02,157900.0
2001-08-24,16.22,16.55,16.22,16.44,226800.0,0.0,1.0,16.22,16.55,16.22,16.44,226800.0
2001-08-23,16.1,16.39,16.06,16.19,251200.0,0.0,1.0,16.1,16.39,16.06,16.19,251200.0
2001-08-22,16.6,16.65,16.05,16.05,244400.0,0.0,1.0,16.6,16.65,16.05,16.05,244400.0
2001-08-21,16.35,16.72,16.31,16.45,426500.0,0.0,1.0,16.35,16.72,16.31,16.45,426500.0
2001-08-20,16.35,16.43,16.18,16.34,851600.0,0.0,1.0,16.35,16.43,16.18,16.34,851600.0
2001-08-17,17.38,17.38,16.32,16.42,562100.0,0.0,1.0,17.38,17.38,16.32,16.42,562100.0
2001-08-16,17.82,17.82,17.15,17.3,493200.0,0.0,1.0,17.82,17.82,17.15,17.3,493200.0
2001-08-15,18.07,18.1,17.62,17.8,367000.0,0.0,1.0,18.07,18.1,17.62,17.8,367000.0
2001-08-14,17.87,18.25,17.86,18.13,308000.0,0.0,1.0,17.87,18.25,17.86,18.13,308000.0
2001-08-13,17.97,18.0,17.82,17.92,96700.0,0.0,1.0,17.97,18.0,17.82,17.92,96700.0
2001-08-10,18.07,18.07,17.75,17.9,245600.0,0.0,1.0,18.07,18.07,17.75,17.9,245600.0
2001-08-09,18.0,18.2,17.8,18.1,309000.0,0.0,1.0,18.0,18.2,17.8,18.1,309000.0
2001-08-08,17.66,18.2,17.6,18.07,650700.0,0.0,1.0,17.66,18.2,17.6,18.07,650700.0
2001-08-07,17.39,17.94,17.29,17.9,701300.0,0.0,1.0,17.39,17.94,17.29,17.9,701300.0
2001-08-06,17.6,17.6,17.15,17.29,395600.0,0.0,1.0,17.6,17.6,17.15,17.29,395600.0
2001-08-03,17.65,17.75,17.37,17.6,222300.0,0.0,1.0,17.65,17.75,17.37,17.6,222300.0
2001-08-02,17.28,18.25,16.65,17.7,943000.0,0.0,1.0,17.28,18.25,16.65,17.7,943000.0
2001-08-01,17.96,17.96,17.05,17.44,1157600.0,0.0,1.0,17.96,17.96,17.05,17.44,1157600.0
2001-07-31,17.95,18.1,17.95,18.0,95400.0,0.0,1.0,17.95,18.1,17.95,18.0,95400.0
2001-07-30,17.96,18.13,17.8,18.12,373600.0,0.0,1.0,17.96,18.13,17.8,18.12,373600.0
2001-07-27,17.6,18.05,17.6,17.95,249800.0,0.0,1.0,17.6,18.05,17.6,17.95,249800.0
2001-07-26,17.45,17.81,17.3,17.75,836700.0,0.0,1.0,17.45,17.81,17.3,17.75,836700.0
2001-07-25,17.75,17.76,17.0,17.45,449800.0,0.0,1.0,17.75,17.76,17.0,17.45,449800.0
2001-07-24,18.5,18.8,17.66,17.78,550700.0,0.0,1.0,18.5,18.8,17.66,17.78,550700.0
2001-07-23,19.39,19.41,18.45,18.45,536700.0,0.0,1.0,19.39,19.41,18.45,18.45,536700.0
2001-07-20,19.87,19.95,19.0,19.35,595300.0,0.0,1.0,19.87,19.95,19.0,19.35,595300.0
2001-07-19,19.45,20.15,19.45,19.97,466500.0,0.0,1.0,19.45,20.15,19.45,19.97,466500.0
2001-07-18,19.25,19.5,18.96,19.47,400900.0,0.0,1.0,19.25,19.5,18.96,19.47,400900.0
2001-07-17,18.0,19.5,18.0,19.07,161200.0,0.0,1.0,18.0,19.5,18.0,19.07,161200.0
2001-07-16,17.85,18.35,17.85,18.0,478300.0,0.0,1.0,17.85,18.35,17.85,18.0,478300.0
2001-07-13,18.45,18.65,17.6,17.93,779500.0,0.0,1.0,18.45,18.65,17.6,17.93,779500.0
2001-07-12,18.55,18.65,18.3,18.35,327900.0,0.0,1.0,18.55,18.65,18.3,18.35,327900.0
2001-07-11,18.9,18.9,18.11,18.4,459600.0,0.0,1.0,18.9,18.9,18.11,18.4,459600.0
2001-07-10,20.6,20.6,18.75,18.75,621700.0,0.0,1.0,20.6,20.6,18.75,18.75,621700.0
2001-07-09,21.0,21.08,20.5,20.55,288900.0,0.0,1.0,21.0,21.08,20.5,20.55,288900.0
2001-07-06,20.8,21.0,20.45,20.8,339300.0,0.0,1.0,20.8,21.0,20.45,20.8,339300.0
2001-07-05,21.1,21.19,20.15,20.98,199100.0,0.0,1.0,21.1,21.19,20.15,20.98,199100.0
2001-07-03,21.5,21.53,21.01,21.19,101600.0,0.0,1.0,21.5,21.53,21.01,21.19,101600.0
2001-07-02,21.54,21.91,21.53,21.65,445200.0,0.0,1.0,21.54,21.91,21.53,21.65,445200.0
2001-06-29,21.19,22.05,21.15,22.05,1073300.0,0.0,1.0,21.19,22.05,21.15,22.05,1073300.0
2001-06-28,20.01,21.25,20.0,21.2,551300.0,0.0,1.0,20.01,21.25,20.0,21.2,551300.0
2001-06-27,18.95,20.0,18.95,20.0,263900.0,0.0,1.0,18.95,20.0,18.95,20.0,263900.0
2001-06-26,18.75,19.38,18.71,19.15,334300.0,0.0,1.0,18.75,19.38,18.71,19.15,334300.0
2001-06-25,19.35,19.55,18.7,18.92,245000.0,0.0,1.0,19.35,19.55,18.7,18.92,245000.0
2001-06-22,19.05,19.35,18.91,19.25,85100.0,0.0,1.0,19.05,19.35,18.91,19.25,85100.0
2001-06-21,19.1,19.25,18.91,19.04,348800.0,0.0,1.0,19.1,19.25,18.91,19.04,348800.0
2001-06-20,18.73,19.2,18.71,19.15,235100.0,0.0,1.0,18.73,19.2,18.71,19.15,235100.0
2001-06-19,18.35,18.71,18.24,18.69,355700.0,0.0,1.0,18.35,18.71,18.24,18.69,355700.0
2001-06-18,18.95,18.95,18.25,18.3,158600.0,0.0,1.0,18.95,18.95,18.25,18.3,158600.0
2001-06-15,19.35,19.35,18.7,18.8,72600.0,0.0,1.0,19.35,19.35,18.7,18.8,72600.0
2001-06-14,19.92,19.92,19.3,19.35,119900.0,0.0,1.0,19.92,19.92,19.3,19.35,119900.0
2001-06-13,19.85,20.43,19.8,19.95,759900.0,0.0,1.0,19.85,20.43,19.8,19.95,759900.0
2001-06-12,19.74,19.98,19.45,19.85,1514000.0,0.0,1.0,19.74,19.98,19.45,19.85,1514000.0
2001-06-11,19.54,20.04,19.27,19.8,994800.0,0.0,1.0,19.54,20.04,19.27,19.8,994800.0
2001-06-08,19.54,19.75,19.48,19.64,93400.0,0.0,1.0,19.54,19.75,19.48,19.64,93400.0
2001-06-07,19.77,19.82,19.38,19.74,566800.0,0.0,1.0,19.77,19.82,19.38,19.74,566800.0
2001-06-06,19.32,20.07,19.25,19.87,446900.0,0.0,1.0,19.32,20.07,19.25,19.87,446900.0
2001-06-05,18.4,19.43,18.38,19.42,367900.0,0.0,1.0,18.4,19.43,18.38,19.42,367900.0
2001-06-04,18.18,18.55,18.1,18.4,434500.0,0.0,1.0,18.18,18.55,18.1,18.4,434500.0
2001-06-01,17.86,18.55,17.36,18.16,422000.0,0.0,1.0,17.86,18.55,17.36,18.16,422000.0
2001-05-31,18.84,18.84,17.55,17.83,757700.0,0.0,1.0,18.84,18.84,17.55,17.83,757700.0
2001-05-30,19.25,19.29,18.71,18.74,163900.0,0.0,1.0,19.25,19.29,18.71,18.74,163900.0
2001-05-29,19.3,19.3,19.0,19.25,782900.0,0.0,1.0,19.3,19.3,19.0,19.25,782900.0
2001-05-25,19.3,19.4,19.03,19.24,252500.0,0.0,1.0,19.3,19.4,19.03,19.24,252500.0
2001-05-24,19.9,19.9,19.11,19.35,150100.0,0.0,1.0,19.9,19.9,19.11,19.35,150100.0
2001-05-23,20.81,20.91,19.51,19.51,177200.0,0.0,1.0,20.81,20.91,19.51,19.51,177200.0
2001-05-22,20.4,20.9,20.36,20.81,334500.0,0.0,1.0,20.4,20.9,20.36,20.81,334500.0
2001-05-21,20.29,20.5,20.26,20.41,256800.0,0.0,1.0,20.29,20.5,20.26,20.41,256800.0
2001-05-18,20.64,20.7,20.01,20.29,418600.0,0.0,1.0,20.64,20.7,20.01,20.29,418600.0
2001-05-17,20.4,20.8,20.35,20.65,530900.0,0.0,1.0,20.4,20.8,20.35,20.65,530900.0
2001-05-16,20.39,20.4,20.05,20.31,681000.0,0.0,1.0,20.39,20.4,20.05,20.31,681000.0
2001-05-15,20.4,20.6,20.2,20.46,1204400.0,0.0,1.0,20.4,20.6,20.2,20.46,1204400.0
2001-05-14,19.9,20.71,19.85,20.5,1168700.0,0.0,1.0,19.9,20.71,19.85,20.5,1168700.0
2001-05-11,19.6,20.05,19.45,20.03,320000.0,0.0,1.0,19.6,20.05,19.45,20.03,320000.0
2001-05-10,19.05,19.65,19.04,19.55,451600.0,0.0,1.0,19.05,19.65,19.04,19.55,451600.0
2001-05-09,18.78,19.2,18.73,19.0,303300.0,0.0,1.0,18.78,19.2,18.73,19.0,303300.0
2001-05-08,18.63,19.1,18.6,18.78,1119700.0,0.0,1.0,18.63,19.1,18.6,18.78,1119700.0
2001-05-07,17.96,18.6,17.96,18.59,3546100.0,0.0,1.0,17.96,18.6,17.96,18.59,3546100.0
2001-05-04,17.9,18.2,17.9,18.2,2580800.0,0.0,1.0,17.9,18.2,17.9,18.2,2580800.0
2001-05-03,18.2,18.25,17.94,18.0,1496500.0,0.0,1.0,18.2,18.25,17.94,18.0,1496500.0
2001-05-02,17.65,18.34,17.55,18.2,597500.0,0.0,1.0,17.65,18.34,17.55,18.2,597500.0
2001-05-01,17.25,17.73,17.2,17.61,309400.0,0.0,1.0,17.25,17.73,17.2,17.61,309400.0
2001-04-30,17.15,17.4,16.6,17.3,631600.0,0.0,1.0,17.15,17.4,16.6,17.3,631600.0
2001-04-27,17.6,17.73,17.0,17.09,802800.0,0.0,1.0,17.6,17.73,17.0,17.09,802800.0
2001-04-26,17.73,17.88,17.6,17.85,123200.0,0.0,1.0,17.73,17.88,17.6,17.85,123200.0
2001-04-25,17.6,17.75,17.45,17.75,207900.0,0.0,1.0,17.6,17.75,17.45,17.75,207900.0
2001-04-24,17.48,17.85,17.38,17.61,143300.0,0.0,1.0,17.48,17.85,17.38,17.61,143300.0
2001-04-23,18.06,18.06,17.35,17.49,340900.0,0.0,1.0,18.06,18.06,17.35,17.49,340900.0
2001-04-20,18.0,18.35,18.0,18.2,516100.0,0.0,1.0,18.0,18.35,18.0,18.2,516100.0
2001-04-19,17.95,18.3,17.65,18.05,1462300.0,0.0,1.0,17.95,18.3,17.65,18.05,1462300.0
2001-04-18,15.55,18.1,15.55,18.0,2058300.0,0.0,1.0,15.55,18.1,15.55,18.0,2058300.0
2001-04-17,15.5,15.79,15.5,15.76,76300.0,0.0,1.0,15.5,15.79,15.5,15.76,76300.0
2001-04-16,15.5,15.62,15.5,15.6,1252200.0,0.0,1.0,15.5,15.62,15.5,15.6,1252200.0
2001-04-12,15.16,15.75,15.15,15.7,110300.0,0.0,1.0,15.16,15.75,15.15,15.7,110300.0
2001-04-11,14.94,15.2,14.81,15.2,646700.0,0.0,1.0,14.94,15.2,14.81,15.2,646700.0
2001-04-10,14.05,15.15,14.04,14.85,169400.0,0.0,1.0,14.05,15.15,14.04,14.85,169400.0
2001-04-09,13.8,14.1,13.76,14.07,125400.0,0.0,1.0,13.8,14.1,13.76,14.07,125400.0
2001-04-06,14.12,14.25,13.56,13.75,204700.0,0.0,1.0,14.12,14.25,13.56,13.75,204700.0
2001-04-05,14.12,14.5,13.69,14.12,193800.0,0.0,1.0,14.12,14.5,13.69,14.12,193800.0
2001-04-04,13.92,14.22,13.69,14.19,249900.0,0.0,1.0,13.92,14.22,13.69,14.19,249900.0
2001-04-03,14.94,14.94,13.44,13.56,731200.0,0.0,1.0,14.94,14.94,13.44,13.56,731200.0
2001-04-02,15.5,15.5,14.75,14.94,428900.0,0.0,1.0,15.5,15.5,14.75,14.94,428900.0
2001-03-30,14.44,15.69,14.25,15.38,369500.0,0.0,1.0,14.44,15.69,14.25,15.38,369500.0
2001-03-29,13.81,14.38,13.81,14.31,323800.0,0.0,1.0,13.81,14.38,13.81,14.31,323800.0
2001-03-28,14.31,14.5,13.75,14.0,71600.0,0.0,1.0,14.31,14.5,13.75,14.0,71600.0
2001-03-27,14.0,14.56,14.0,14.44,324300.0,0.0,1.0,14.0,14.56,14.0,14.44,324300.0
2001-03-26,14.12,14.44,13.94,14.12,177000.0,0.0,1.0,14.12,14.44,13.94,14.12,177000.0
2001-03-23,13.5,14.12,13.44,14.06,462900.0,0.0,1.0,13.5,14.12,13.44,14.06,462900.0
2001-03-22,14.25,14.25,12.75,13.19,664500.0,0.0,1.0,14.25,14.25,12.75,13.19,664500.0
2001-03-21,14.33,14.5,14.25,14.31,240600.0,0.0,1.0,14.33,14.5,14.25,14.31,240600.0
2001-03-20,14.25,14.72,14.12,14.62,1595300.0,0.0,1.0,14.25,14.72,14.12,14.62,1595300.0
2001-03-19,14.25,14.38,14.0,14.38,574200.0,0.0,1.0,14.25,14.38,14.0,14.38,574200.0
2001-03-16,14.31,14.31,14.0,14.22,268300.0,0.0,1.0,14.31,14.31,14.0,14.22,268300.0
2001-03-15,14.5,14.62,14.12,14.19,512600.0,0.0,1.0,14.5,14.62,14.12,14.19,512600.0
2001-03-14,14.62,14.75,14.0,14.56,1261700.0,0.0,1.0,14.62,14.75,14.0,14.56,1261700.0
2001-03-13,15.25,15.41,15.0,15.0,2642400.0,0.0,1.0,15.25,15.41,15.0,15.0,2642400.0
2001-03-12,15.44,15.81,15.12,15.31,1246100.0,0.0,1.0,15.44,15.81,15.12,15.31,1246100.0
2001-03-09,16.88,16.88,15.06,15.88,280600.0,0.0,1.0,16.88,16.88,15.06,15.88,280600.0
2001-03-08,16.38,17.12,16.38,16.88,266100.0,0.0,1.0,16.38,17.12,16.38,16.88,266100.0
2001-03-07,17.06,17.38,16.25,16.84,299400.0,0.0,1.0,17.06,17.38,16.25,16.84,299400.0
2001-03-06,17.0,17.94,16.88,16.88,2037600.0,0.0,1.0,17.0,17.94,16.88,16.88,2037600.0
2001-03-05,15.77,17.0,15.62,16.94,567600.0,0.0,1.0,15.77,17.0,15.62,16.94,567600.0
2001-03-02,15.12,16.0,14.94,15.75,574500.0,0.0,1.0,15.12,16.0,14.94,15.75,574500.0
2001-03-01,13.88,15.0,13.88,14.88,116700.0,0.0,1.0,13.88,15.0,13.88,14.88,116700.0
2001-02-28,14.42,14.44,13.88,14.06,345200.0,0.0,1.0,14.42,14.44,13.88,14.06,345200.0
2001-02-27,14.0,14.59,13.88,14.06,324400.0,0.0,1.0,14.0,14.59,13.88,14.06,324400.0
2001-02-26,13.88,14.06,13.62,14.0,270300.0,0.0,1.0,13.88,14.06,13.62,14.0,270300.0
2001-02-23,13.94,13.94,13.62,13.69,40000.0,0.0,1.0,13.94,13.94,13.62,13.69,40000.0
2001-02-22,14.0,14.02,13.88,14.0,108500.0,0.0,1.0,14.0,14.02,13.88,14.0,108500.0
2001-02-21,14.06,14.25,14.0,14.0,445000.0,0.0,1.0,14.06,14.25,14.0,14.0,445000.0
2001-02-20,14.06,14.31,14.0,14.06,196900.0,0.0,1.0,14.06,14.31,14.0,14.06,196900.0
2001-02-16,14.25,14.25,13.94,14.0,104000.0,0.0,1.0,14.25,14.25,13.94,14.0,104000.0
2001-02-15,13.81,14.44,13.72,14.38,90400.0,0.0,1.0,13.81,14.44,13.72,14.38,90400.0
2001-02-14,14.0,14.0,13.0,13.81,538900.0,0.0,1.0,14.0,14.0,13.0,13.81,538900.0
2001-02-13,14.06,14.12,13.88,14.0,963200.0,0.0,1.0,14.06,14.12,13.88,14.0,963200.0
2001-02-12,13.81,14.19,13.81,14.0,154000.0,0.0,1.0,13.81,14.19,13.81,14.0,154000.0
2001-02-09,14.25,14.25,13.81,13.81,246900.0,0.0,1.0,14.25,14.25,13.81,13.81,246900.0
2001-02-08,13.75,14.25,13.62,14.19,773600.0,0.0,1.0,13.75,14.25,13.62,14.19,773600.0
2001-02-07,13.69,14.0,13.44,13.56,92700.0,0.0,1.0,13.69,14.0,13.44,13.56,92700.0
2001-02-06,14.0,14.06,13.69,13.69,207900.0,0.0,1.0,14.0,14.06,13.69,13.69,207900.0
2001-02-05,13.84,14.12,13.75,14.12,133800.0,0.0,1.0,13.84,14.12,13.75,14.12,133800.0
2001-02-02,14.5,14.69,13.53,13.88,366300.0,0.0,1.0,14.5,14.69,13.53,13.88,366300.0
2001-02-01,15.12,15.19,14.31,14.5,426100.0,0.0,1.0,15.12,15.19,14.31,14.5,426100.0
2001-01-31,14.19,15.69,14.19,15.0,506400.0,0.0,1.0,14.19,15.69,14.19,15.0,506400.0
2001-01-30,14.06,14.19,13.94,14.19,221200.0,0.0,1.0,14.06,14.19,13.94,14.19,221200.0
2001-01-29,14.25,14.38,13.81,14.19,445600.0,0.0,1.0,14.25,14.38,13.81,14.19,445600.0
2001-01-26,14.31,14.62,13.75,14.19,242700.0,0.0,1.0,14.31,14.62,13.75,14.19,242700.0
2001-01-25,15.03,15.19,14.25,14.31,191300.0,0.0,1.0,15.03,15.19,14.25,14.31,191300.0
2001-01-24,15.06,15.38,14.94,15.12,415700.0,0.0,1.0,15.06,15.38,14.94,15.12,415700.0
2001-01-23,15.06,15.56,15.06,15.19,513300.0,0.0,1.0,15.06,15.56,15.06,15.19,513300.0
2001-01-22,15.62,15.62,15.0,15.12,167000.0,0.0,1.0,15.62,15.62,15.0,15.12,167000.0
2001-01-19,15.75,15.88,15.44,15.62,901600.0,0.0,1.0,15.75,15.88,15.44,15.62,901600.0
2001-01-18,16.31,16.5,15.69,15.81,374500.0,0.0,1.0,16.31,16.5,15.69,15.81,374500.0
2001-01-17,15.88,16.38,15.44,16.19,896000.0,0.0,1.0,15.88,16.38,15.44,16.19,896000.0
2001-01-16,16.25,16.36,15.38,15.69,564600.0,0.0,1.0,16.25,16.36,15.38,15.69,564600.0
2001-01-12,14.25,16.81,14.25,16.12,672000.0,0.0,1.0,14.25,16.81,14.25,16.12,672000.0
2001-01-11,13.36,14.25,13.12,14.12,571600.0,0.0,1.0,13.36,14.25,13.12,14.12,571600.0
2001-01-10,12.8,13.31,12.75,13.25,478900.0,0.0,1.0,12.8,13.31,12.75,13.25,478900.0
2001-01-09,12.31,12.88,12.31,12.75,587000.0,0.0,1.0,12.31,12.88,12.31,12.75,587000.0
2001-01-08,13.25,13.25,11.88,12.31,168100.0,0.0,1.0,13.25,13.25,11.88,12.31,168100.0
2001-01-05,13.38,13.5,12.62,13.0,176000.0,0.0,1.0,13.38,13.5,12.62,13.0,176000.0
2001-01-04,10.88,13.44,10.88,13.38,1160800.0,0.0,1.0,10.88,13.44,10.88,13.38,1160800.0
2001-01-03,9.75,11.38,9.72,11.06,185800.0,0.0,1.0,9.75,11.38,9.72,11.06,185800.0
2001-01-02,10.5,10.5,9.75,9.88,121900.0,0.0,1.0,10.5,10.5,9.75,9.88,121900.0
2000-12-29,10.11,11.0,9.94,11.0,313300.0,0.0,1.0,10.11,11.0,9.94,11.0,313300.0
2000-12-28,10.56,10.62,10.0,10.25,274500.0,0.0,1.0,10.56,10.62,10.0,10.25,274500.0
2000-12-27,10.44,10.69,10.38,10.62,86500.0,0.0,1.0,10.44,10.69,10.38,10.62,86500.0
2000-12-26,9.88,10.5,9.88,10.5,66400.0,0.0,1.0,9.88,10.5,9.88,10.5,66400.0
2000-12-22,9.81,10.19,9.75,10.06,90700.0,0.0,1.0,9.81,10.19,9.75,10.06,90700.0
2000-12-21,10.06,10.19,9.38,9.41,77400.0,0.0,1.0,10.06,10.19,9.38,9.41,77400.0
2000-12-20,11.44,11.5,9.88,10.25,160800.0,0.0,1.0,11.44,11.5,9.88,10.25,160800.0
2000-12-19,11.5,11.75,11.19,11.62,301300.0,0.0,1.0,11.5,11.75,11.19,11.62,301300.0
2000-12-18,11.58,12.06,11.5,11.56,333100.0,0.0,1.0,11.58,12.06,11.5,11.56,333100.0
2000-12-15,11.31,12.12,11.25,11.69,458000.0,0.0,1.0,11.31,12.12,11.25,11.69,458000.0
2000-12-14,11.33,12.5,11.33,11.44,85500.0,0.0,1.0,11.33,12.5,11.33,11.44,85500.0
2000-12-13,11.62,11.62,10.88,11.5,793700.0,0.0,1.0,11.62,11.62,10.88,11.5,793700.0
2000-12-12,12.08,12.25,11.5,11.5,84500.0,0.0,1.0,12.08,12.25,11.5,11.5,84500.0
2000-12-11,12.12,12.31,11.94,12.19,126700.0,0.0,1.0,12.12,12.31,11.94,12.19,126700.0
2000-12-08,11.88,12.19,11.88,12.0,2449700.0,0.0,1.0,11.88,12.19,11.88,12.0,2449700.0
2000-12-07,12.38,12.5,12.0,12.0,272000.0,0.0,1.0,12.38,12.5,12.0,12.0,272000.0
2000-12-06,12.62,12.62,12.38,12.5,251900.0,0.0,1.0,12.62,12.62,12.38,12.5,251900.0
2000-12-05,12.62,12.75,11.56,12.5,402800.0,0.0,1.0,12.62,12.75,11.56,12.5,402800.0
2000-12-04,11.94,12.62,11.88,12.62,185800.0,0.0,1.0,11.94,12.62,11.88,12.62,185800.0
2000-12-01,10.56,12.06,10.56,12.06,204700.0,0.0,1.0,10.56,12.06,10.56,12.06,204700.0
2000-11-30,10.5,10.62,10.31,10.5,21400.0,0.0,1.0,10.5,10.62,10.31,10.5,21400.0
2000-11-29,10.31,10.62,10.31,10.56,76700.0,0.0,1.0,10.31,10.62,10.31,10.56,76700.0
2000-11-28,10.62,10.69,10.31,10.31,91000.0,0.0,1.0,10.62,10.69,10.31,10.31,91000.0
2000-11-27,10.69,11.25,10.5,10.5,129700.0,0.0,1.0,10.69,11.25,10.5,10.5,129700.0
2000-11-24,9.94,10.56,9.81,10.5,24400.0,0.0,1.0,9.94,10.56,9.81,10.5,24400.0
2000-11-22,10.5,10.5,9.19,9.44,153700.0,0.0,1.0,10.5,10.5,9.19,9.44,153700.0
2000-11-21,11.0,11.0,10.19,10.25,180200.0,0.0,1.0,11.0,11.0,10.19,10.25,180200.0
2000-11-20,11.31,11.31,10.81,11.06,148300.0,0.0,1.0,11.31,11.31,10.81,11.06,148300.0
2000-11-17,10.81,11.75,10.62,11.56,2831400.0,0.0,1.0,10.81,11.75,10.62,11.56,2831400.0
2000-11-16,10.56,10.81,10.44,10.75,130100.0,0.0,1.0,10.56,10.81,10.44,10.75,130100.0
2000-11-15,10.44,10.88,10.31,10.5,342800.0,0.0,1.0,10.44,10.88,10.31,10.5,342800.0
2000-11-14,10.19,10.56,10.0,10.44,575500.0,0.0,1.0,10.19,10.56,10.0,10.44,575500.0
2000-11-13,10.02,10.12,9.5,9.94,290900.0,0.0,1.0,10.02,10.12,9.5,9.94,290900.0
2000-11-10,11.31,11.31,10.0,10.06,360500.0,0.0,1.0,11.31,11.31,10.0,10.06,360500.0
2000-11-09,11.62,11.62,10.12,11.19,104400.0,0.0,1.0,11.62,11.62,10.12,11.19,104400.0
2000-11-08,12.12,12.12,11.62,11.75,294900.0,0.0,1.0,12.12,12.12,11.62,11.75,294900.0
2000-11-07,12.0,12.12,11.88,12.0,312100.0,0.0,1.0,12.0,12.12,11.88,12.0,312100.0
2000-11-06,11.94,13.25,11.44,12.62,445900.0,0.0,1.0,11.94,13.25,11.44,12.62,445900.0
2000-11-03,12.88,13.12,11.62,11.69,1302400.0,0.0,1.0,12.88,13.12,11.62,11.69,1302400.0
2000-11-02,11.3,13.75,11.3,13.19,1487400.0,0.0,1.0,11.3,13.75,11.3,13.19,1487400.0
2000-11-01,8.19,10.5,8.0,10.25,1832500.0,0.0,1.0,8.19,10.5,8.0,10.25,1832500.0
2000-10-31,8.25,8.44,8.0,8.02,980200.0,0.0,1.0,8.25,8.44,8.0,8.02,980200.0
2000-10-30,7.69,8.25,7.62,8.0,388200.0,0.0,1.0,7.69,8.25,7.62,8.0,388200.0
2000-10-27,7.81,7.94,7.62,7.81,96400.0,0.0,1.0,7.81,7.94,7.62,7.81,96400.0
2000-10-26,7.31,8.0,7.31,7.88,358900.0,0.0,1.0,7.31,8.0,7.31,7.88,358900.0
2000-10-25,7.81,7.81,7.19,7.5,164500.0,0.0,1.0,7.81,7.81,7.19,7.5,164500.0
2000-10-24,7.78,7.94,7.75,7.75,177100.0,0.0,1.0,7.78,7.94,7.75,7.75,177100.0
2000-10-23,7.75,8.0,7.5,7.75,72700.0,0.0,1.0,7.75,8.0,7.5,7.75,72700.0
2000-10-20,7.12,7.88,7.12,7.5,181100.0,0.0,1.0,7.12,7.88,7.12,7.5,181100.0
2000-10-19,6.25,7.25,6.25,7.0,537300.0,0.0,1.0,6.25,7.25,6.25,7.0,537300.0
2000-10-18,5.81,6.56,5.81,6.12,458800.0,0.0,1.0,5.81,6.56,5.81,6.12,458800.0
2000-10-17,6.0,6.19,5.75,6.12,469400.0,0.0,1.0,6.0,6.19,5.75,6.12,469400.0
2000-10-16,5.88,5.88,5.69,5.88,874500.0,0.0,1.0,5.88,5.88,5.69,5.88,874500.0
2000-10-13,5.75,5.75,5.56,5.69,1509900.0,0.0,1.0,5.75,5.75,5.56,5.69,1509900.0
2000-10-12,6.27,6.31,5.56,5.69,561800.0,0.0,1.0,6.27,6.31,5.56,5.69,561800.0
2000-10-11,6.62,6.62,6.12,6.19,747000.0,0.0,1.0,6.62,6.62,6.12,6.19,747000.0
2000-10-10,6.97,6.97,6.5,6.53,1645900.0,0.0,1.0,6.97,6.97,6.5,6.53,1645900.0
2000-10-09,7.25,7.34,6.94,7.0,411700.0,0.0,1.0,7.25,7.34,6.94,7.0,411700.0
2000-10-06,6.52,7.19,6.5,7.19,1333400.0,0.0,1.0,6.52,7.19,6.5,7.19,1333400.0
2000-10-05,5.97,6.88,5.88,6.56,2241200.0,0.0,1.0,5.97,6.88,5.88,6.56,2241200.0
2000-10-04,6.38,6.38,5.69,5.94,3029900.0,0.0,1.0,6.38,6.38,5.69,5.94,3029900.0
2000-10-03,6.47,6.69,5.62,6.06,1444800.0,0.0,1.0,6.47,6.69,5.62,6.06,1444800.0
2000-10-02,7.42,7.44,6.06,6.59,1465100.0,0.0,1.0,7.42,7.44,6.06,6.59,1465100.0
2000-09-29,7.12,7.25,6.81,7.06,4233700.0,0.0,1.0,7.12,7.25,6.81,7.06,4233700.0
2000-09-28,6.52,7.12,6.52,7.06,961200.0,0.0,1.0,6.52,7.12,6.52,7.06,961200.0
2000-09-27,5.7,6.94,5.69,6.69,1534600.0,0.0,1.0,5.7,6.94,5.69,6.69,1534600.0
2000-09-26,5.98,6.0,5.62,5.75,3333400.0,0.0,1.0,5.98,6.0,5.62,5.75,3333400.0
2000-09-25,8.47,8.5,5.88,5.88,4138300.0,0.0,1.0,8.47,8.5,5.88,5.88,4138300.0
2000-09-22,10.94,11.0,8.38,8.44,3867700.0,0.0,1.0,10.94,11.0,8.38,8.44,3867700.0
2000-09-21,14.69,14.75,10.0,10.94,1639200.0,0.0,1.0,14.69,14.75,10.0,10.94,1639200.0
2000-09-20,15.44,15.44,14.69,14.69,236100.0,0.0,1.0,15.44,15.44,14.69,14.69,236100.0
2000-09-19,15.75,15.75,15.0,15.0,211100.0,0.0,1.0,15.75,15.75,15.0,15.0,211100.0
2000-09-18,15.5,15.88,15.38,15.75,133700.0,0.0,1.0,15.5,15.88,15.38,15.75,133700.0
2000-09-15,15.38,16.0,15.0,15.56,256700.0,0.0,1.0,15.38,16.0,15.0,15.56,256700.0
2000-09-14,14.88,15.5,14.62,15.25,1450200.0,0.0,1.0,14.88,15.5,14.62,15.25,1450200.0
2000-09-13,13.69,15.12,13.69,15.06,2469800.0,0.0,1.0,13.69,15.12,13.69,15.06,2469800.0
2000-09-12,13.69,13.88,13.19,13.5,1939400.0,0.0,1.0,13.69,13.88,13.19,13.5,1939400.0
2000-09-11,15.0,15.06,13.0,13.81,411100.0,0.0,1.0,15.0,15.06,13.0,13.81,411100.0
2000-09-08,16.0,16.0,14.62,15.06,434200.0,0.0,1.0,16.0,16.0,14.62,15.06,434200.0
2000-09-07,16.88,16.88,16.0,16.0,76500.0,0.0,1.0,16.88,16.88,16.0,16.0,76500.0
2000-09-06,17.0,17.0,16.56,16.62,211200.0,0.0,1.0,17.0,17.0,16.56,16.62,211200.0
2000-09-05,17.38,17.62,16.75,17.0,139000.0,0.0,1.0,17.38,17.62,16.75,17.0,139000.0
2000-09-01,17.81,17.81,16.88,17.44,544100.0,0.0,1.0,17.81,17.81,16.88,17.44,544100.0
2000-08-31,18.44,19.0,17.19,17.56,452800.0,0.0,1.0,18.44,19.0,17.19,17.56,452800.0
2000-08-30,18.25,18.94,18.19,18.88,530300.0,0.0,1.0,18.25,18.94,18.19,18.88,530300.0
2000-08-29,19.06,19.25,18.25,18.38,164000.0,0.0,1.0,19.06,19.25,18.25,18.38,164000.0
2000-08-28,18.5,19.25,18.44,19.25,320200.0,0.0,1.0,18.5,19.25,18.44,19.25,320200.0
2000-08-25,18.31,18.62,18.25,18.44,299500.0,0.0,1.0,18.31,18.62,18.25,18.44,299500.0
2000-08-24,18.81,18.81,18.31,18.31,167600.0,0.0,1.0,18.81,18.81,18.31,18.31,167600.0
2000-08-23,19.12,19.31,18.5,18.56,234500.0,0.0,1.0,19.12,19.31,18.5,18.56,234500.0
2000-08-22,19.5,20.12,19.19,19.38,67300.0,0.0,1.0,19.5,20.12,19.19,19.38,67300.0
2000-08-21,20.75,20.75,20.0,20.06,301800.0,0.0,1.0,20.75,20.75,20.0,20.06,301800.0
2000-08-18,19.88,20.69,19.62,20.44,390100.0,0.0,1.0,19.88,20.69,19.62,20.44,390100.0
2000-08-17,20.5,20.5,19.94,19.94,62400.0,0.0,1.0,20.5,20.5,19.94,19.94,62400.0
2000-08-16,19.75,21.0,19.75,20.44,86200.0,0.0,1.0,19.75,21.0,19.75,20.44,86200.0
2000-08-15,19.5,20.0,19.38,20.0,108900.0,0.0,1.0,19.5,20.0,19.38,20.0,108900.0
2000-08-14,19.12,19.5,19.12,19.5,119800.0,0.0,1.0,19.12,19.5,19.12,19.5,119800.0
2000-08-11,19.75,20.0,19.12,19.12,101900.0,0.0,1.0,19.75,20.0,19.12,19.12,101900.0
2000-08-10,20.62,20.62,19.5,19.5,175000.0,0.0,1.0,20.62,20.62,19.5,19.5,175000.0
2000-08-09,20.0,20.75,19.62,20.25,84700.0,0.0,1.0,20.0,20.75,19.62,20.25,84700.0
2000-08-08,19.62,20.0,19.56,20.0,414100.0,0.0,1.0,19.62,20.0,19.56,20.0,414100.0
2000-08-07,19.62,19.75,19.44,19.62,266400.0,0.0,1.0,19.62,19.75,19.44,19.62,266400.0
2000-08-04,19.25,19.75,18.75,19.69,179600.0,0.0,1.0,19.25,19.75,18.75,19.69,179600.0
2000-08-03,19.56,19.69,18.66,19.06,1582200.0,0.0,1.0,19.56,19.69,18.66,19.06,1582200.0
2000-08-02,19.44,19.81,19.12,19.81,1287700.0,0.0,1.0,19.44,19.81,19.12,19.81,1287700.0
2000-08-01,18.75,19.69,18.44,19.12,386000.0,0.0,1.0,18.75,19.69,18.44,19.12,386000.0
2000-07-31,17.38,18.88,17.38,18.88,481800.0,0.0,1.0,17.38,18.88,17.38,18.88,481800.0
2000-07-28,17.75,18.25,16.12,17.19,148000.0,0.0,1.0,17.75,18.25,16.12,17.19,148000.0
2000-07-27,18.19,18.19,17.81,17.94,50600.0,0.0,1.0,18.19,18.19,17.81,17.94,50600.0
2000-07-26,18.0,18.25,17.88,18.06,357400.0,0.0,1.0,18.0,18.25,17.88,18.06,357400.0
2000-07-25,18.75,18.75,18.12,18.19,322500.0,0.0,1.0,18.75,18.75,18.12,18.19,322500.0
2000-07-24,19.0,19.25,18.62,18.75,173500.0,0.0,1.0,19.0,19.25,18.62,18.75,173500.0
2000-07-21,19.0,19.31,18.81,19.0,340000.0,0.0,1.0,19.0,19.31,18.81,19.0,340000.0
2000-07-20,19.12,19.12,18.62,18.88,472200.0,0.0,1.0,19.12,19.12,18.62,18.88,472200.0
2000-07-19,18.69,19.0,18.12,19.0,240500.0,0.0,1.0,18.69,19.0,18.12,19.0,240500.0
2000-07-18,18.62,19.56,18.62,18.88,1009300.0,0.0,1.0,18.62,19.56,18.62,18.88,1009300.0
2000-07-17,18.97,19.5,18.75,19.5,434500.0,0.0,1.0,18.97,19.5,18.75,19.5,434500.0
2000-07-14,19.38,19.5,17.5,18.5,198800.0,0.0,1.0,19.38,19.5,17.5,18.5,198800.0
2000-07-13,19.5,19.5,18.88,19.38,468300.0,0.0,1.0,19.5,19.5,18.88,19.38,468300.0
2000-07-12,18.03,19.5,18.0,19.38,2280800.0,0.0,1.0,18.03,19.5,18.0,19.38,2280800.0
2000-07-11,16.69,18.38,16.62,18.19,7845500.0,0.0,1.0,16.69,18.38,16.62,18.19,7845500.0
2000-07-10,19.56,19.56,15.88,15.88,6115800.0,0.0,1.0,19.56,19.56,15.88,15.88,6115800.0
2000-07-07,21.69,21.69,19.38,19.56,1042300.0,0.0,1.0,21.69,21.69,19.38,19.56,1042300.0
2000-07-06,23.62,24.5,21.62,21.62,712300.0,0.0,1.0,23.62,24.5,21.62,21.62,712300.0
2000-07-05,23.06,24.38,22.38,23.12,212100.0,0.0,1.0,23.06,24.38,22.38,23.12,212100.0
2000-07-03,22.25,23.0,21.81,23.0,136700.0,0.0,1.0,22.25,23.0,21.81,23.0,136700.0
2000-06-30,24.0,27.25,21.75,22.06,906800.0,0.0,1.0,24.0,27.25,21.75,22.06,906800.0
2000-06-29,19.31,24.0,18.0,24.0,215900.0,0.0,1.0,19.31,24.0,18.0,24.0,215900.0
2000-06-28,20.75,20.94,17.0,20.12,124800.0,0.0,1.0,20.75,20.94,17.0,20.12,124800.0
2000-06-27,19.38,21.62,19.38,20.88,218400.0,0.0,1.0,19.38,21.62,19.38,20.88,218400.0
2000-06-26,20.12,20.62,18.88,20.0,146500.0,0.0,1.0,20.12,20.62,18.88,20.0,146500.0
2000-06-23,20.88,20.88,19.88,20.12,102400.0,0.0,1.0,20.88,20.88,19.88,20.12,102400.0
2000-06-22,21.0,21.94,20.75,20.88,51800.0,0.0,1.0,21.0,21.94,20.75,20.88,51800.0
2000-06-21,19.25,25.44,19.25,21.25,70200.0,0.0,1.0,19.25,25.44,19.25,21.25,70200.0
2000-06-20,20.88,21.0,18.5,19.75,213500.0,0.0,1.0,20.88,21.0,18.5,19.75,213500.0
2000-06-19,21.06,21.38,20.5,21.06,120000.0,0.0,1.0,21.06,21.38,20.5,21.06,120000.0
2000-06-16,22.25,22.25,21.38,21.75,83400.0,0.0,1.0,22.25,22.25,21.38,21.75,83400.0
2000-06-15,24.5,24.62,22.75,23.25,117100.0,0.0,1.0,24.5,24.62,22.75,23.25,117100.0
2000-06-14,25.0,27.12,24.88,25.75,112000.0,0.0,1.0,25.0,27.12,24.88,25.75,112000.0
2000-06-13,24.78,25.38,24.5,25.0,133300.0,0.0,1.0,24.78,25.38,24.5,25.0,133300.0
2000-06-12,24.5,25.0,23.25,25.0,23000.0,0.0,1.0,24.5,25.0,23.25,25.0,23000.0
2000-06-09,22.5,24.5,22.5,24.06,28600.0,0.0,1.0,22.5,24.5,22.5,24.06,28600.0
2000-06-08,24.62,24.62,21.75,21.75,12200.0,0.0,1.0,24.62,24.62,21.75,21.75,12200.0
2000-06-07,24.5,28.0,24.5,24.75,2800.0,0.0,1.0,24.5,28.0,24.5,24.75,2800.0
