Date,Open,High,Low,Close,Volume,Ex-Dividend,Split Ratio,Adj. Open,Adj. High,Adj. Low,Adj. Close,Adj. Volume
2016-11-17,127.0,132.35,125.0,129.07,1331911.0,0.0,1.0,127.0,132.35,125.0,129.07,1331911.0
2016-11-16,128.41,128.73,126.83,128.3,621855.0,0.0,1.0,128.41,128.73,126.83,128.3,621855.0
2016-11-15,127.92,130.96,127.57,128.74,695822.0,0.0,1.0,127.92,130.96,127.57,128.74,695822.0
2016-11-14,122.07,127.35,122.05,127.0,865360.0,0.0,1.0,122.07,127.35,122.05,127.0,865360.0
2016-11-11,119.69,124.715,119.69,120.84,1333790.0,0.0,1.0,119.69,124.715,119.69,120.84,1333790.0
2016-11-10,117.79,121.72,116.17,119.83,1193133.0,0.0,1.0,117.79,121.72,116.17,119.83,1193133.0
2016-11-09,122.0,122.0,114.41,117.24,1567369.0,0.0,1.0,122.0,122.0,114.41,117.24,1567369.0
2016-11-08,125.77,129.36,125.02,128.21,576760.0,0.0,1.0,125.77,129.36,125.02,128.21,576760.0
2016-11-07,123.13,125.79,122.23,125.77,451748.0,0.0,1.0,123.13,125.79,122.23,125.77,451748.0
2016-11-04,118.72,121.64,118.72,120.69,545739.0,0.0,1.0,118.72,121.64,118.72,120.69,545739.0
2016-11-03,123.27,123.79,118.39,118.76,660434.0,0.0,1.0,123.27,123.79,118.39,118.76,660434.0
2016-11-02,122.01,129.02,121.89,122.47,1594473.0,0.0,1.0,122.01,129.02,121.89,122.47,1594473.0
2016-11-01,120.0,121.94,115.17,121.4,1856041.0,0.0,1.0,120.0,121.94,115.17,121.4,1856041.0
2016-10-31,114.55,115.09,113.34,113.51,689979.0,0.0,1.0,114.55,115.09,113.34,113.51,689979.0
2016-10-28,114.75,116.06,113.88,114.03,413505.0,0.0,1.0,114.75,116.06,113.88,114.03,413505.0
2016-10-27,115.44,115.44,114.23,115.14,359958.0,0.0,1.0,115.44,115.44,114.23,115.14,359958.0
2016-10-26,118.37,118.86,114.73,115.48,436666.0,0.0,1.0,118.37,118.86,114.73,115.48,436666.0
2016-10-25,118.2,118.97,117.86,118.33,209431.0,0.0,1.0,118.2,118.97,117.86,118.33,209431.0
2016-10-24,119.33,119.51,118.05,118.22,262446.0,0.0,1.0,119.33,119.51,118.05,118.22,262446.0
2016-10-21,117.5,118.59,116.76,118.07,226677.0,0.0,1.0,117.5,118.59,116.76,118.07,226677.0
2016-10-20,117.61,118.58,117.05,118.44,305070.0,0.0,1.0,117.61,118.58,117.05,118.44,305070.0
2016-10-19,116.45,118.13,116.05,117.6,416239.0,0.0,1.0,116.45,118.13,116.05,117.6,416239.0
2016-10-18,115.86,117.33,115.58,116.25,475228.0,0.0,1.0,115.86,117.33,115.58,116.25,475228.0
2016-10-17,114.01,115.99,114.01,114.21,323143.0,0.0,1.0,114.01,115.99,114.01,114.21,323143.0
2016-10-14,114.88,115.23,113.69,113.83,345363.0,0.0,1.0,114.88,115.23,113.69,113.83,345363.0
2016-10-13,114.87,115.28,114.23,114.51,344579.0,0.0,1.0,114.87,115.28,114.23,114.51,344579.0
2016-10-12,117.56,117.56,115.48,115.79,319205.0,0.0,1.0,117.56,117.56,115.48,115.79,319205.0
2016-10-11,120.65,120.65,116.76,117.05,399899.0,0.0,1.0,120.65,120.65,116.76,117.05,399899.0
2016-10-10,118.14,120.0,118.04,119.81,374722.0,0.0,1.0,118.14,120.0,118.04,119.81,374722.0
2016-10-07,117.5,118.54,116.54,118.33,254082.0,0.0,1.0,117.5,118.54,116.54,118.33,254082.0
2016-10-06,117.56,117.8,116.7,117.4,196993.0,0.0,1.0,117.56,117.8,116.7,117.4,196993.0
2016-10-05,117.59,118.35,116.7,117.63,336552.0,0.0,1.0,117.59,118.35,116.7,117.63,336552.0
2016-10-04,115.77,116.965,115.34,116.38,232489.0,0.0,1.0,115.77,116.965,115.34,116.38,232489.0
2016-10-03,117.38,117.815,115.34,115.6,233353.0,0.0,1.0,117.38,117.815,115.34,115.6,233353.0
2016-09-30,115.94,117.45,114.47,117.09,310087.0,0.0,1.0,115.94,117.45,114.47,117.09,310087.0
2016-09-29,117.27,117.33,114.665,115.83,259589.0,0.0,1.0,117.27,117.33,114.665,115.83,259589.0
2016-09-28,116.69,117.62,116.03,117.42,283546.0,0.0,1.0,116.69,117.62,116.03,117.42,283546.0
2016-09-27,114.32,116.49,113.79,116.33,327999.0,0.0,1.0,114.32,116.49,113.79,116.33,327999.0
2016-09-26,115.2,115.71,114.35,114.94,208475.0,0.0,1.0,115.2,115.71,114.35,114.94,208475.0
2016-09-23,114.79,116.1,114.46,115.28,339490.0,0.0,1.0,114.79,116.1,114.46,115.28,339490.0
2016-09-22,114.59,116.4,114.45,115.57,441259.0,0.0,1.0,114.59,116.4,114.45,115.57,441259.0
2016-09-21,112.48,114.905,112.4,114.43,397157.0,0.0,1.0,112.48,114.905,112.4,114.43,397157.0
2016-09-20,112.23,113.0,111.36,112.06,331178.0,0.0,1.0,112.23,113.0,111.36,112.06,331178.0
2016-09-19,111.77,112.84,111.36,112.06,317661.0,0.0,1.0,111.77,112.84,111.36,112.06,317661.0
2016-09-16,109.8,111.84,109.8,110.96,390556.0,0.0,1.0,109.8,111.84,109.8,110.96,390556.0
2016-09-15,110.57,111.04,109.74,110.87,466687.0,0.0,1.0,110.57,111.04,109.74,110.87,466687.0
2016-09-14,111.48,111.69,110.12,110.75,273247.0,0.0,1.0,111.48,111.69,110.12,110.75,273247.0
2016-09-13,112.07,112.09,110.54,111.34,282036.0,0.0,1.0,112.07,112.09,110.54,111.34,282036.0
2016-09-12,112.35,113.56,112.23,112.79,319770.0,0.0,1.0,112.35,113.56,112.23,112.79,319770.0
2016-09-09,113.37,113.48,112.2,112.59,251747.0,0.0,1.0,113.37,113.48,112.2,112.59,251747.0
2016-09-08,114.25,114.78,113.69,113.94,190006.0,0.0,1.0,114.25,114.78,113.69,113.94,190006.0
2016-09-07,112.81,115.04,112.29,114.49,364496.0,0.0,1.0,112.81,115.04,112.29,114.49,364496.0
2016-09-06,114.29,114.29,112.37,112.98,194592.0,0.0,1.0,114.29,114.29,112.37,112.98,194592.0
2016-09-02,113.44,114.29,112.54,114.28,263017.0,0.0,1.0,113.44,114.29,112.54,114.28,263017.0
2016-09-01,112.93,113.31,111.5,112.7,247496.0,0.0,1.0,112.93,113.31,111.5,112.7,247496.0
2016-08-31,112.9,113.16,111.83,112.7,269675.0,0.0,1.0,112.9,113.16,111.83,112.7,269675.0
2016-08-30,113.12,113.73,112.58,112.98,174039.0,0.0,1.0,113.12,113.73,112.58,112.98,174039.0
2016-08-29,112.27,114.38,112.27,113.45,216853.0,0.0,1.0,112.27,114.38,112.27,113.45,216853.0
2016-08-26,113.26,113.61,111.94,112.51,247829.0,0.0,1.0,113.26,113.61,111.94,112.51,247829.0
2016-08-25,113.11,114.5,113.11,113.35,258433.0,0.0,1.0,113.11,114.5,113.11,113.35,258433.0
2016-08-24,114.3,115.04,113.305,113.46,245464.0,0.0,1.0,114.3,115.04,113.305,113.46,245464.0
2016-08-23,115.8,116.23,114.38,114.45,223572.0,0.0,1.0,115.8,116.23,114.38,114.45,223572.0
2016-08-22,116.24,116.935,115.3,115.63,175027.0,0.0,1.0,116.24,116.935,115.3,115.63,175027.0
2016-08-19,114.81,116.13,114.58,116.04,706286.0,0.0,1.0,114.81,116.13,114.58,116.04,706286.0
2016-08-18,114.24,116.56,113.89,115.52,291277.0,0.0,1.0,114.24,116.56,113.89,115.52,291277.0
2016-08-17,115.48,115.695,113.43,114.3,421128.0,0.0,1.0,115.48,115.695,113.43,114.3,421128.0
2016-08-16,115.88,116.1,114.64,115.75,301465.0,0.0,1.0,115.88,116.1,114.64,115.75,301465.0
2016-08-15,115.96,116.7,115.45,115.87,261710.0,0.0,1.0,115.96,116.7,115.45,115.87,261710.0
2016-08-12,116.88,117.51,115.59,115.91,360951.0,0.0,1.0,116.88,117.51,115.59,115.91,360951.0
2016-08-11,114.86,117.26,114.46,117.26,982574.0,0.0,1.0,114.86,117.26,114.46,117.26,982574.0
2016-08-10,114.59,116.02,113.61,114.94,359121.0,0.0,1.0,114.59,116.02,113.61,114.94,359121.0
2016-08-09,113.26,115.15,112.94,114.83,382469.0,0.0,1.0,113.26,115.15,112.94,114.83,382469.0
2016-08-08,113.44,114.26,112.93,113.13,518413.0,0.0,1.0,113.44,114.26,112.93,113.13,518413.0
2016-08-05,111.97,113.86,111.97,113.33,384662.0,0.0,1.0,111.97,113.86,111.97,113.33,384662.0
2016-08-04,111.66,112.64,110.86,111.24,617979.0,0.0,1.0,111.66,112.64,110.86,111.24,617979.0
2016-08-03,111.65,113.0,110.84,111.26,717843.0,0.0,1.0,111.65,113.0,110.84,111.26,717843.0
2016-08-02,111.8,113.65,105.16,111.91,1330059.0,0.0,1.0,111.8,113.65,105.16,111.91,1330059.0
2016-08-01,107.17,107.9,105.65,106.88,560685.0,0.0,1.0,107.17,107.9,105.65,106.88,560685.0
2016-07-29,106.05,107.06,105.18,106.8,350999.0,0.0,1.0,106.05,107.06,105.18,106.8,350999.0
2016-07-28,106.18,107.4,105.89,106.74,526565.0,0.0,1.0,106.18,107.4,105.89,106.74,526565.0
2016-07-27,108.19,108.609,106.21,106.25,554566.0,0.0,1.0,108.19,108.609,106.21,106.25,554566.0
2016-07-26,107.6,108.78,106.125,108.74,556280.0,0.0,1.0,107.6,108.78,106.125,108.74,556280.0
2016-07-25,108.17,108.67,107.19,107.94,267545.0,0.0,1.0,108.17,108.67,107.19,107.94,267545.0
2016-07-22,108.18,109.185,107.43,108.54,755375.0,0.0,1.0,108.18,109.185,107.43,108.54,755375.0
2016-07-21,109.29,109.47,106.98,107.52,895219.0,0.0,1.0,109.29,109.47,106.98,107.52,895219.0
2016-07-20,109.27,110.59,108.8,109.54,375149.0,0.0,1.0,109.27,110.59,108.8,109.54,375149.0
2016-07-19,108.79,109.39,105.68,108.61,436640.0,0.0,1.0,108.79,109.39,105.68,108.61,436640.0
2016-07-18,109.39,109.71,107.62,109.07,294386.0,0.0,1.0,109.39,109.71,107.62,109.07,294386.0
2016-07-15,108.76,109.75,108.11,108.85,500917.0,0.0,1.0,108.76,109.75,108.11,108.85,500917.0
2016-07-14,109.27,109.27,108.0,108.3,321637.0,0.0,1.0,109.27,109.27,108.0,108.3,321637.0
2016-07-13,105.75,108.19,105.515,108.16,695433.0,0.0,1.0,105.75,108.19,105.515,108.16,695433.0
2016-07-12,106.61,107.18,105.0,105.37,728171.0,0.0,1.0,106.61,107.18,105.0,105.37,728171.0
2016-07-11,106.68,107.4,105.77,105.96,409132.0,0.0,1.0,106.68,107.4,105.77,105.96,409132.0
2016-07-08,104.89,106.75,103.8,106.61,417628.0,0.0,1.0,104.89,106.75,103.8,106.61,417628.0
2016-07-07,105.76,106.01,103.46,104.23,581870.0,0.0,1.0,105.76,106.01,103.46,104.23,581870.0
2016-07-06,105.46,106.6,105.15,105.44,706546.0,0.0,1.0,105.46,106.6,105.15,105.44,706546.0
2016-07-05,105.09,106.28,104.28,105.52,478044.0,0.0,1.0,105.09,106.28,104.28,105.52,478044.0
2016-07-01,107.2,107.8299,102.97,105.42,898702.0,0.0,1.0,107.2,107.8299,102.97,105.42,898702.0
2016-06-30,107.52,108.09,106.07,107.28,733820.0,0.0,1.0,107.52,108.09,106.07,107.28,733820.0
2016-06-29,104.95,107.85,104.92,107.52,458398.0,0.0,1.0,104.95,107.85,104.92,107.52,458398.0
2016-06-28,104.39,104.79,103.01,104.03,617853.0,0.0,1.0,104.39,104.79,103.01,104.03,617853.0
2016-06-27,104.54,105.04,101.98,103.91,1095494.0,0.0,1.0,104.54,105.04,101.98,103.91,1095494.0
2016-06-24,103.08,106.19,103.08,105.35,3698235.0,0.0,1.0,103.08,106.19,103.08,105.35,3698235.0
2016-06-23,109.55,109.8,105.72,106.93,1268813.0,0.0,1.0,109.55,109.8,105.72,106.93,1268813.0
2016-06-22,107.64,110.81,107.56,108.87,726695.0,0.0,1.0,107.64,110.81,107.56,108.87,726695.0
2016-06-21,108.97,109.66,106.75,107.34,442031.0,0.0,1.0,108.97,109.66,106.75,107.34,442031.0
2016-06-20,106.24,110.4,105.97,108.99,773730.0,0.0,1.0,106.24,110.4,105.97,108.99,773730.0
2016-06-17,105.8,106.79,104.95,105.22,664612.0,0.0,1.0,105.8,106.79,104.95,105.22,664612.0
2016-06-16,104.72,105.86,103.88,105.4,399638.0,0.0,1.0,104.72,105.86,103.88,105.4,399638.0
2016-06-15,104.85,106.6,104.57,105.19,312065.0,0.0,1.0,104.85,106.6,104.57,105.19,312065.0
2016-06-14,102.99,104.84,102.96,104.64,299895.0,0.0,1.0,102.99,104.84,102.96,104.64,299895.0
2016-06-13,103.92,105.54,102.97,103.23,431888.0,0.0,1.0,103.92,105.54,102.97,103.23,431888.0
2016-06-10,104.36,104.73,103.46,104.24,211115.0,0.0,1.0,104.36,104.73,103.46,104.24,211115.0
2016-06-09,105.27,106.42,104.96,105.5,246574.0,0.0,1.0,105.27,106.42,104.96,105.5,246574.0
2016-06-08,103.4,106.06,103.4,105.55,274822.0,0.0,1.0,103.4,106.06,103.4,105.55,274822.0
2016-06-07,104.16,104.5,103.5,103.67,338664.0,0.0,1.0,104.16,104.5,103.5,103.67,338664.0
2016-06-06,102.66,104.51,102.66,104.15,340852.0,0.0,1.0,102.66,104.51,102.66,104.15,340852.0
2016-06-03,104.81,104.81,102.83,102.96,490088.0,0.0,1.0,104.81,104.81,102.83,102.96,490088.0
2016-06-02,102.62,105.49,102.62,105.45,400078.0,0.0,1.0,102.62,105.49,102.62,105.45,400078.0
2016-06-01,100.45,103.17,100.18,102.8,383896.0,0.0,1.0,100.45,103.17,100.18,102.8,383896.0
2016-05-31,101.1,103.06,100.76,101.42,467532.0,0.0,1.0,101.1,103.06,100.76,101.42,467532.0
2016-05-27,100.72,102.38,99.76,100.96,296002.0,0.0,1.0,100.72,102.38,99.76,100.96,296002.0
2016-05-26,100.34,100.51,99.115,100.24,397188.0,0.0,1.0,100.34,100.51,99.115,100.24,397188.0
2016-05-25,98.92,100.57,98.48,100.34,422387.0,0.0,1.0,98.92,100.57,98.48,100.34,422387.0
2016-05-24,98.05,99.61,98.05,98.47,480698.0,0.0,1.0,98.05,99.61,98.05,98.47,480698.0
2016-05-23,95.16,98.59,94.99,97.85,684264.0,0.0,1.0,95.16,98.59,94.99,97.85,684264.0
2016-05-20,95.14,95.61,94.28,95.5,284112.0,0.0,1.0,95.14,95.61,94.28,95.5,284112.0
2016-05-19,95.48,95.75,93.04,94.51,418205.0,0.0,1.0,95.48,95.75,93.04,94.51,418205.0
2016-05-18,94.29,95.87,92.26,95.5,421810.0,0.0,1.0,94.29,95.87,92.26,95.5,421810.0
2016-05-17,94.87,95.83,93.89,94.57,470935.0,0.0,1.0,94.87,95.83,93.89,94.57,470935.0
2016-05-16,93.26,95.51,92.935,94.77,426546.0,0.0,1.0,93.26,95.51,92.935,94.77,426546.0
2016-05-13,92.65,93.85,92.05,93.14,365967.0,0.0,1.0,92.65,93.85,92.05,93.14,365967.0
2016-05-12,92.79,93.54,91.61,92.92,462323.0,0.0,1.0,92.79,93.54,91.61,92.92,462323.0
2016-05-11,94.51,95.15,92.39,92.4,347804.0,0.0,1.0,94.51,95.15,92.39,92.4,347804.0
2016-05-10,94.71,94.99,93.04,94.26,440118.0,0.0,1.0,94.71,94.99,93.04,94.26,440118.0
2016-05-09,93.65,95.47,93.65,94.51,452440.0,0.0,1.0,93.65,95.47,93.65,94.51,452440.0
2016-05-06,94.62,95.39,92.95,93.94,499971.0,0.0,1.0,94.62,95.39,92.95,93.94,499971.0
2016-05-05,95.06,95.87,94.56,95.32,446216.0,0.0,1.0,95.06,95.87,94.56,95.32,446216.0
2016-05-04,93.4,95.54,92.45,94.89,670135.0,0.0,1.0,93.4,95.54,92.45,94.89,670135.0
2016-05-03,94.045,96.0,93.24,93.89,801687.0,0.0,1.0,94.045,96.0,93.24,93.89,801687.0
2016-05-02,90.79,91.815,88.555,89.86,763542.0,0.0,1.0,90.79,91.815,88.555,89.86,763542.0
2016-04-29,89.14,90.893,86.75,89.99,916011.0,0.0,1.0,89.14,90.893,86.75,89.99,916011.0
2016-04-28,93.55,94.75,92.16,92.4,426475.0,0.0,1.0,93.55,94.75,92.16,92.4,426475.0
2016-04-27,97.22,97.6,91.88,93.64,834596.0,0.0,1.0,97.22,97.6,91.88,93.64,834596.0
2016-04-26,94.93,97.71,94.665,97.18,431775.0,0.0,1.0,94.93,97.71,94.665,97.18,431775.0
2016-04-25,94.74,95.4,94.25,94.81,242892.0,0.0,1.0,94.74,95.4,94.25,94.81,242892.0
2016-04-22,93.21,95.61,92.8,95.18,352029.0,0.0,1.0,93.21,95.61,92.8,95.18,352029.0
2016-04-21,94.61,94.905,92.73,92.92,315915.0,0.0,1.0,94.61,94.905,92.73,92.92,315915.0
2016-04-20,92.98,95.06,92.135,94.33,244856.0,0.0,1.0,92.98,95.06,92.135,94.33,244856.0
2016-04-19,92.09,92.72,91.57,92.53,277630.0,0.0,1.0,92.09,92.72,91.57,92.53,277630.0
2016-04-18,90.66,92.52,89.92,91.62,269413.0,0.0,1.0,90.66,92.52,89.92,91.62,269413.0
2016-04-15,91.72,92.08,90.385,90.92,442028.0,0.0,1.0,91.72,92.08,90.385,90.92,442028.0
2016-04-14,90.77,92.455,90.4,91.63,336375.0,0.0,1.0,90.77,92.455,90.4,91.63,336375.0
2016-04-13,90.45,91.67,90.15,90.88,435568.0,0.0,1.0,90.45,91.67,90.15,90.88,435568.0
2016-04-12,88.22,89.87,87.9,89.69,290561.0,0.0,1.0,88.22,89.87,87.9,89.69,290561.0
2016-04-11,89.35,89.83,87.38,88.0,312912.0,0.0,1.0,89.35,89.83,87.38,88.0,312912.0
2016-04-08,89.54,90.27,88.11,89.16,456687.0,0.0,1.0,89.54,90.27,88.11,89.16,456687.0
2016-04-07,90.9,91.8,88.96,89.2,361152.0,0.0,1.0,90.9,91.8,88.96,89.2,361152.0
2016-04-06,90.1,91.78,89.62,91.68,321486.0,0.0,1.0,90.1,91.78,89.62,91.68,321486.0
2016-04-05,91.53,91.845,89.9,90.05,471944.0,0.0,1.0,91.53,91.845,89.9,90.05,471944.0
2016-04-04,93.96,94.26,91.585,92.23,407278.0,0.0,1.0,93.96,94.26,91.585,92.23,407278.0
2016-04-01,92.35,94.45,91.86,94.12,336045.0,0.0,1.0,92.35,94.45,91.86,94.12,336045.0
2016-03-31,93.61,93.61,92.4201,92.75,439761.0,0.0,1.0,93.61,93.61,92.4201,92.75,439761.0
2016-03-30,94.28,95.01,93.04,93.35,407457.0,0.0,1.0,94.28,95.01,93.04,93.35,407457.0
2016-03-29,91.94,94.615,91.375,94.47,527846.0,0.0,1.0,91.94,94.615,91.375,94.47,527846.0
2016-03-28,92.21,92.33,90.97,91.87,288686.0,0.0,1.0,92.21,92.33,90.97,91.87,288686.0
2016-03-24,91.2,92.44,89.89,92.28,310714.0,0.0,1.0,91.2,92.44,89.89,92.28,310714.0
2016-03-23,92.74,94.0,91.555,92.07,612281.0,0.0,1.0,92.74,94.0,91.555,92.07,612281.0
2016-03-22,91.08,93.24,90.9221,93.13,454997.0,0.0,1.0,91.08,93.24,90.9221,93.13,454997.0
2016-03-21,91.88,92.51,90.33,91.66,320986.0,0.0,1.0,91.88,92.51,90.33,91.66,320986.0
2016-03-18,89.97,93.46,89.82,92.23,566814.0,0.0,1.0,89.97,93.46,89.82,92.23,566814.0
2016-03-17,90.75,90.75,87.49,89.57,398236.0,0.0,1.0,90.75,90.75,87.49,89.57,398236.0
2016-03-16,89.32,91.25,88.99,90.71,303158.0,0.0,1.0,89.32,91.25,88.99,90.71,303158.0
2016-03-15,89.91,90.317,89.09,89.32,317563.0,0.0,1.0,89.91,90.317,89.09,89.32,317563.0
2016-03-14,90.75,91.49,89.61,90.16,394836.0,0.0,1.0,90.75,91.49,89.61,90.16,394836.0
2016-03-11,88.54,91.3,88.135,90.98,646538.0,0.0,1.0,88.54,91.3,88.135,90.98,646538.0
2016-03-09,89.71,89.71,84.01,85.81,1706255.0,0.0,1.0,89.71,89.71,84.01,85.81,1706255.0
2016-03-08,93.08,93.41,91.36,91.46,278174.0,0.0,1.0,93.08,93.41,91.36,91.46,278174.0
2016-03-07,92.42,94.21,92.19,93.5,405133.0,0.0,1.0,92.42,94.21,92.19,93.5,405133.0
2016-03-04,93.57,93.98,91.88,93.24,461927.0,0.0,1.0,93.57,93.98,91.88,93.24,461927.0
2016-03-03,92.54,94.1,91.75,93.6,363401.0,0.0,1.0,92.54,94.1,91.75,93.6,363401.0
2016-03-02,92.03,92.98,91.33,92.5,494605.0,0.0,1.0,92.03,92.98,91.33,92.5,494605.0
2016-03-01,90.83,92.88,90.015,92.5,698654.0,0.0,1.0,90.83,92.88,90.015,92.5,698654.0
2016-02-29,91.78,92.35,89.74,89.87,713457.0,0.0,1.0,91.78,92.35,89.74,89.87,713457.0
2016-02-26,91.36,92.16,90.91,91.78,775488.0,0.0,1.0,91.36,92.16,90.91,91.78,775488.0
2016-02-25,90.17,91.2,88.85,91.15,505414.0,0.0,1.0,90.17,91.2,88.85,91.15,505414.0
2016-02-24,89.68,89.97,87.86,89.84,372955.0,0.0,1.0,89.68,89.97,87.86,89.84,372955.0
2016-02-23,89.99,91.21,89.42,90.55,633178.0,0.0,1.0,89.99,91.21,89.42,90.55,633178.0
2016-02-22,88.23,92.24,87.15,90.09,1946839.0,0.0,1.0,88.23,92.24,87.15,90.09,1946839.0
2016-02-19,83.46,83.77,81.83,82.32,546137.0,0.0,1.0,83.46,83.77,81.83,82.32,546137.0
2016-02-18,84.65,85.91,83.09,83.44,646254.0,0.0,1.0,84.65,85.91,83.09,83.44,646254.0
2016-02-17,82.68,85.09,82.64,84.71,806154.0,0.0,1.0,82.68,85.09,82.64,84.71,806154.0
2016-02-16,82.18,82.71,81.14,82.3,779027.0,0.0,1.0,82.18,82.71,81.14,82.3,779027.0
2016-02-12,82.0,82.3,80.585,82.04,634084.0,0.0,1.0,82.0,82.3,80.585,82.04,634084.0
2016-02-11,78.72,83.11,78.72,81.74,779230.0,0.0,1.0,78.72,83.11,78.72,81.74,779230.0
2016-02-10,77.69,82.48,77.68,80.18,1213647.0,0.0,1.0,77.69,82.48,77.68,80.18,1213647.0
2016-02-09,70.25,78.62,70.25,77.57,927682.0,0.0,1.0,70.25,78.62,70.25,77.57,927682.0
2016-02-08,69.16,72.37,69.16,71.51,820038.0,0.0,1.0,69.16,72.37,69.16,71.51,820038.0
2016-02-05,72.41,72.55,69.77,70.06,801817.0,0.0,1.0,72.41,72.55,69.77,70.06,801817.0
2016-02-04,72.64,73.83,71.72,72.73,516652.0,0.0,1.0,72.64,73.83,71.72,72.73,516652.0
2016-02-03,74.38,74.8,70.86,72.98,445857.0,0.0,1.0,74.38,74.8,70.86,72.98,445857.0
2016-02-02,74.89,75.82,73.39,74.02,410836.0,0.0,1.0,74.89,75.82,73.39,74.02,410836.0
2016-02-01,75.67,76.64,75.09,75.56,468284.0,0.0,1.0,75.67,76.64,75.09,75.56,468284.0
2016-01-29,74.04,76.14,73.745,75.98,511670.0,0.0,1.0,74.04,76.14,73.745,75.98,511670.0
2016-01-28,74.92,75.67,73.08,73.89,374414.0,0.0,1.0,74.92,75.67,73.08,73.89,374414.0
2016-01-27,75.28,76.15,74.005,74.42,299188.0,0.0,1.0,75.28,76.15,74.005,74.42,299188.0
2016-01-26,72.6,75.35,71.71,75.11,391678.0,0.0,1.0,72.6,75.35,71.71,75.11,391678.0
2016-01-25,74.3,74.65,72.47,72.76,363922.0,0.0,1.0,74.3,74.65,72.47,72.76,363922.0
2016-01-22,73.31,74.68,72.7,74.32,301917.0,0.0,1.0,73.31,74.68,72.7,74.32,301917.0
2016-01-21,74.16,75.678,72.1,72.36,389758.0,0.0,1.0,74.16,75.678,72.1,72.36,389758.0
2016-01-20,72.26,75.09,69.95,74.11,388763.0,0.0,1.0,72.26,75.09,69.95,74.11,388763.0
2016-01-19,72.73,74.41,72.01,72.96,429575.0,0.0,1.0,72.73,74.41,72.01,72.96,429575.0
2016-01-15,71.73,72.94,70.33,72.12,637805.0,0.0,1.0,71.73,72.94,70.33,72.12,637805.0
2016-01-14,72.33,74.115,71.655,73.5,373527.0,0.0,1.0,72.33,74.115,71.655,73.5,373527.0
2016-01-13,75.25,75.96,71.82,72.18,438495.0,0.0,1.0,75.25,75.96,71.82,72.18,438495.0
2016-01-12,73.55,76.63,73.49,75.2,538941.0,0.0,1.0,73.55,76.63,73.49,75.2,538941.0
2016-01-11,72.88,74.71,72.17,72.93,635690.0,0.0,1.0,72.88,74.71,72.17,72.93,635690.0
2016-01-08,73.76,74.395,72.35,72.6,674376.0,0.0,1.0,73.76,74.395,72.35,72.6,674376.0
2016-01-07,75.19,76.65,73.77,73.78,664929.0,0.0,1.0,75.19,76.65,73.77,73.78,664929.0
2016-01-06,77.15,77.8,75.56,76.7,349338.0,0.0,1.0,77.15,77.8,75.56,76.7,349338.0
2016-01-05,76.61,79.435,76.41,78.12,364306.0,0.0,1.0,76.61,79.435,76.41,78.12,364306.0
2016-01-04,77.07,77.9799,75.78,76.45,475026.0,0.0,1.0,77.07,77.9799,75.78,76.45,475026.0
2015-12-31,78.88,79.58,77.84,78.21,321838.0,0.0,1.0,78.88,79.58,77.84,78.21,321838.0
2015-12-30,80.39,80.9,79.06,79.3,227936.0,0.0,1.0,80.39,80.9,79.06,79.3,227936.0
2015-12-29,80.85,81.964,79.76,80.58,253881.0,0.0,1.0,80.85,81.964,79.76,80.58,253881.0
2015-12-28,80.68,80.73,79.58,80.42,306605.0,0.0,1.0,80.68,80.73,79.58,80.42,306605.0
2015-12-24,80.99,81.46,80.31,80.81,126903.0,0.0,1.0,80.99,81.46,80.31,80.81,126903.0
2015-12-23,81.5,82.0399,80.225,81.16,287453.0,0.0,1.0,81.5,82.0399,80.225,81.16,287453.0
2015-12-22,80.54,81.74,79.11,81.2,308310.0,0.0,1.0,80.54,81.74,79.11,81.2,308310.0
2015-12-21,81.94,82.76,79.44,80.24,545337.0,0.0,1.0,81.94,82.76,79.44,80.24,545337.0
2015-12-18,80.11,82.92,79.9301,81.85,671462.0,0.0,1.0,80.11,82.92,79.9301,81.85,671462.0
2015-12-17,80.07,81.49,80.05,80.65,332409.0,0.0,1.0,80.07,81.49,80.05,80.65,332409.0
2015-12-16,79.95,81.3,78.71,79.96,566672.0,0.0,1.0,79.95,81.3,78.71,79.96,566672.0
2015-12-15,78.8,80.105,78.56,79.74,539808.0,0.0,1.0,78.8,80.105,78.56,79.74,539808.0
2015-12-14,79.78,80.52,77.64,78.36,229045.0,0.0,1.0,79.78,80.52,77.64,78.36,229045.0
2015-12-11,79.44,80.87,79.29,79.55,278469.0,0.0,1.0,79.44,80.87,79.29,79.55,278469.0
2015-12-10,80.12,81.69,79.37,80.49,274494.0,0.0,1.0,80.12,81.69,79.37,80.49,274494.0
2015-12-09,80.34,82.09,79.25,79.94,276057.0,0.0,1.0,80.34,82.09,79.25,79.94,276057.0
2015-12-08,79.51,81.12,78.95,80.82,245057.0,0.0,1.0,79.51,81.12,78.95,80.82,245057.0
2015-12-07,81.95,82.29,79.49,79.98,281431.0,0.0,1.0,81.95,82.29,79.49,79.98,281431.0
2015-12-04,80.74,82.64,80.31,81.98,283036.0,0.0,1.0,80.74,82.64,80.31,81.98,283036.0
2015-12-03,83.92,84.02,79.76,80.23,331198.0,0.0,1.0,83.92,84.02,79.76,80.23,331198.0
2015-12-02,84.65,85.66,83.3603,83.64,553117.0,0.0,1.0,84.65,85.66,83.3603,83.64,553117.0
2015-12-01,82.89,85.17,82.3,84.88,603020.0,0.0,1.0,82.89,85.17,82.3,84.88,603020.0
2015-11-30,83.2,83.71,81.96,82.48,399870.0,0.0,1.0,83.2,83.71,81.96,82.48,399870.0
2015-11-27,82.38,83.77,81.53,83.23,166610.0,0.0,1.0,82.38,83.77,81.53,83.23,166610.0
2015-11-25,81.34,82.72,80.42,82.56,313602.0,0.0,1.0,81.34,82.72,80.42,82.56,313602.0
2015-11-24,80.26,81.4,79.02,81.18,290173.0,0.0,1.0,80.26,81.4,79.02,81.18,290173.0
2015-11-23,79.12,81.09,78.89,80.11,325945.0,0.0,1.0,79.12,81.09,78.89,80.11,325945.0
2015-11-20,76.68,79.505,76.49,79.27,394822.0,0.0,1.0,76.68,79.505,76.49,79.27,394822.0
2015-11-19,77.68,79.53,75.05,75.87,889802.0,0.0,1.0,77.68,79.53,75.05,75.87,889802.0
2015-11-18,78.66,79.815,77.85,79.2,482578.0,0.0,1.0,78.66,79.815,77.85,79.2,482578.0
2015-11-17,78.38,79.94,77.68,78.5,393596.0,0.0,1.0,78.38,79.94,77.68,78.5,393596.0
2015-11-16,78.1,80.8,77.75,78.59,587038.0,0.0,1.0,78.1,80.8,77.75,78.59,587038.0
2015-11-13,76.75,78.25,75.69,77.89,547963.0,0.0,1.0,76.75,78.25,75.69,77.89,547963.0
2015-11-12,79.07,79.67,77.03,77.1,503558.0,0.0,1.0,79.07,79.67,77.03,77.1,503558.0
2015-11-11,82.79,82.79,79.24,79.44,522267.0,0.0,1.0,82.79,82.79,79.24,79.44,522267.0
2015-11-10,82.43,83.55,81.83,82.37,333407.0,0.0,1.0,82.43,83.55,81.83,82.37,333407.0
2015-11-09,83.24,83.69,81.33,82.68,542993.0,0.0,1.0,83.24,83.69,81.33,82.68,542993.0
2015-11-06,82.52,83.95,81.76,83.34,479502.0,0.0,1.0,82.52,83.95,81.76,83.34,479502.0
2015-11-05,80.09,83.48,79.74,83.0,1306683.0,0.0,1.0,80.09,83.48,79.74,83.0,1306683.0
2015-11-04,87.0,87.0,75.65,81.11,3321423.0,0.0,1.0,87.0,87.0,75.65,81.11,3321423.0
2015-11-03,89.92,90.27,87.94,89.24,565496.0,0.0,1.0,89.92,90.27,87.94,89.24,565496.0
2015-11-02,88.62,90.99,88.62,90.42,335450.0,0.0,1.0,88.62,90.99,88.62,90.42,335450.0
2015-10-30,89.77,90.0,88.46,88.6,388125.0,0.0,1.0,89.77,90.0,88.46,88.6,388125.0
2015-10-29,90.08,91.41,89.14,89.71,289621.0,0.0,1.0,90.08,91.41,89.14,89.71,289621.0
2015-10-28,87.1,90.15,84.52,90.04,486272.0,0.0,1.0,87.1,90.15,84.52,90.04,486272.0
2015-10-27,84.05,87.38,83.446,87.07,381825.0,0.0,1.0,84.05,87.38,83.446,87.07,381825.0
2015-10-26,83.77,85.34,82.94,84.17,375708.0,0.0,1.0,83.77,85.34,82.94,84.17,375708.0
2015-10-23,82.3,83.83,81.27,83.68,411416.0,0.0,1.0,82.3,83.83,81.27,83.68,411416.0
2015-10-22,88.77,88.77,79.0,81.74,962291.0,0.0,1.0,88.77,88.77,79.0,81.74,962291.0
2015-10-21,91.0,91.17,85.22,88.05,488941.0,0.0,1.0,91.0,91.17,85.22,88.05,488941.0
2015-10-20,91.19,91.73,89.61,90.56,402561.0,0.0,1.0,91.19,91.73,89.61,90.56,402561.0
2015-10-19,89.83,92.37,89.45,90.98,500648.0,0.0,1.0,89.83,92.37,89.45,90.98,500648.0
2015-10-16,88.74,90.38,88.46,89.86,380312.0,0.0,1.0,88.74,90.38,88.46,89.86,380312.0
2015-10-15,86.12,88.34,84.0,88.27,314831.0,0.0,1.0,86.12,88.34,84.0,88.27,314831.0
2015-10-14,88.43,89.75,85.94,86.14,426489.0,0.0,1.0,88.43,89.75,85.94,86.14,426489.0
2015-10-13,85.07,90.5,84.41,88.48,597584.0,0.0,1.0,85.07,90.5,84.41,88.48,597584.0
2015-10-12,84.17,85.37,83.81,85.16,403976.0,0.0,1.0,84.17,85.37,83.81,85.16,403976.0
2015-10-09,83.86,85.81,82.95,83.77,999083.0,0.0,1.0,83.86,85.81,82.95,83.77,999083.0
2015-10-08,84.03,84.7,82.8,84.07,294859.0,0.0,1.0,84.03,84.7,82.8,84.07,294859.0
2015-10-07,83.9,84.53,81.615,84.0,366303.0,0.0,1.0,83.9,84.53,81.615,84.0,366303.0
2015-10-06,85.04,85.82,82.5,83.62,392399.0,0.0,1.0,85.04,85.82,82.5,83.62,392399.0
2015-10-05,86.09,86.22,84.08,85.09,322003.0,0.0,1.0,86.09,86.22,84.08,85.09,322003.0
2015-10-02,82.77,85.36,81.98,85.31,405219.0,0.0,1.0,82.77,85.36,81.98,85.31,405219.0
2015-10-01,86.27,87.52,83.33,84.08,394803.0,0.0,1.0,86.27,87.52,83.33,84.08,394803.0
2015-09-30,84.82,87.25,84.68,86.18,670376.0,0.0,1.0,84.82,87.25,84.68,86.18,670376.0
2015-09-29,84.06,85.83,81.9,83.64,758274.0,0.0,1.0,84.06,85.83,81.9,83.64,758274.0
2015-09-28,89.12,89.12,82.26,84.18,465981.0,0.0,1.0,89.12,89.12,82.26,84.18,465981.0
2015-09-25,93.63,93.69,89.055,89.15,541726.0,0.0,1.0,93.63,93.69,89.055,89.15,541726.0
2015-09-24,93.09,93.54,91.56,92.9,276225.0,0.0,1.0,93.09,93.54,91.56,92.9,276225.0
2015-09-23,93.99,94.55,93.43,93.82,292115.0,0.0,1.0,93.99,94.55,93.43,93.82,292115.0
2015-09-22,93.91,95.13,92.8974,93.93,280508.0,0.0,1.0,93.91,95.13,92.8974,93.93,280508.0
2015-09-21,96.0,96.96,94.57,94.86,394003.0,0.0,1.0,96.0,96.96,94.57,94.86,394003.0
2015-09-18,96.06,97.58,94.9,95.15,639490.0,0.0,1.0,96.06,97.58,94.9,95.15,639490.0
2015-09-17,97.3,98.09,96.46,97.09,516911.0,0.0,1.0,97.3,98.09,96.46,97.09,516911.0
2015-09-16,98.0,98.1,96.32,97.25,445442.0,0.0,1.0,98.0,98.1,96.32,97.25,445442.0
2015-09-15,96.2,98.79,95.42,98.51,385584.0,0.0,1.0,96.2,98.79,95.42,98.51,385584.0
2015-09-14,98.08,98.41,95.64,96.12,208759.0,0.0,1.0,98.08,98.41,95.64,96.12,208759.0
2015-09-11,96.0,98.2299,95.53,97.83,492103.0,0.0,1.0,96.0,98.2299,95.53,97.83,492103.0
2015-09-10,90.83,96.8,90.83,96.35,935950.0,0.0,1.0,90.83,96.8,90.83,96.35,935950.0
2015-09-09,91.33,92.0,90.08,91.02,429675.0,0.0,1.0,91.33,92.0,90.08,91.02,429675.0
2015-09-08,89.48,90.915,88.32,90.78,342948.0,0.0,1.0,89.48,90.915,88.32,90.78,342948.0
2015-09-04,87.71,88.89,87.18,87.84,206832.0,0.0,1.0,87.71,88.89,87.18,87.84,206832.0
2015-09-03,87.89,90.025,87.79,88.43,331542.0,0.0,1.0,87.89,90.025,87.79,88.43,331542.0
2015-09-02,88.63,88.63,87.09,87.99,344113.0,0.0,1.0,88.63,88.63,87.09,87.99,344113.0
2015-09-01,88.85,90.41,87.28,87.59,420444.0,0.0,1.0,88.85,90.41,87.28,87.59,420444.0
2015-08-31,91.08,92.93,90.29,90.67,413586.0,0.0,1.0,91.08,92.93,90.29,90.67,413586.0
2015-08-28,89.42,91.59,88.59,91.38,640696.0,0.0,1.0,89.42,91.59,88.59,91.38,640696.0
2015-08-27,86.87,89.51,86.63,89.28,676696.0,0.0,1.0,86.87,89.51,86.63,89.28,676696.0
2015-08-26,84.71,86.54,82.93,86.25,533770.0,0.0,1.0,84.71,86.54,82.93,86.25,533770.0
2015-08-25,85.49,86.09,82.8,82.9,347655.0,0.0,1.0,85.49,86.09,82.8,82.9,347655.0
2015-08-24,83.72,87.51,82.995,83.87,396476.0,0.0,1.0,83.72,87.51,82.995,83.87,396476.0
2015-08-21,88.95,90.49,87.2,88.62,471000.0,0.0,1.0,88.95,90.49,87.2,88.62,471000.0
2015-08-20,92.75,93.57,89.75,89.88,451341.0,0.0,1.0,92.75,93.57,89.75,89.88,451341.0
2015-08-19,95.02,95.13,93.23,93.96,706792.0,0.0,1.0,95.02,95.13,93.23,93.96,706792.0
2015-08-18,91.98,97.58,91.61,95.98,1002749.0,0.0,1.0,91.98,97.58,91.61,95.98,1002749.0
2015-08-17,85.63,91.99,84.93,89.71,493861.0,0.0,1.0,85.63,91.99,84.93,89.71,493861.0
2015-08-14,85.66,86.2,84.63,85.9,253218.0,0.0,1.0,85.66,86.2,84.63,85.9,253218.0
2015-08-13,86.56,87.82,85.47,85.76,240709.0,0.0,1.0,86.56,87.82,85.47,85.76,240709.0
2015-08-12,86.79,87.1,84.76,86.48,269343.0,0.0,1.0,86.79,87.1,84.76,86.48,269343.0
2015-08-11,86.57,87.78,86.4,87.23,380150.0,0.0,1.0,86.57,87.78,86.4,87.23,380150.0
2015-08-10,86.11,87.8,86.11,87.36,403784.0,0.0,1.0,86.11,87.8,86.11,87.36,403784.0
2015-08-07,86.58,86.89,84.8,85.58,357401.0,0.0,1.0,86.58,86.89,84.8,85.58,357401.0
2015-08-06,89.96,90.15,86.245,86.89,425769.0,0.0,1.0,89.96,90.15,86.245,86.89,425769.0
2015-08-05,83.91,90.41,82.2,89.16,940993.0,0.0,1.0,83.91,90.41,82.2,89.16,940993.0
2015-08-04,80.81,81.9799,79.824,80.12,319397.0,0.0,1.0,80.81,81.9799,79.824,80.12,319397.0
2015-08-03,80.94,81.57,79.94,80.73,218090.0,0.0,1.0,80.94,81.57,79.94,80.73,218090.0
2015-07-31,79.47,82.05,79.47,80.8,325275.0,0.0,1.0,79.47,82.05,79.47,80.8,325275.0
2015-07-30,78.94,79.4,77.56,79.08,398303.0,0.0,1.0,78.94,79.4,77.56,79.08,398303.0
2015-07-29,79.04,79.56,77.62,79.0,265860.0,0.0,1.0,79.04,79.56,77.62,79.0,265860.0
2015-07-28,78.19,78.93,77.07,78.74,279870.0,0.0,1.0,78.19,78.93,77.07,78.74,279870.0
2015-07-27,78.8,79.02,77.74,78.11,169687.0,0.0,1.0,78.8,79.02,77.74,78.11,169687.0
2015-07-24,80.62,81.72,78.56,78.9,422447.0,0.0,1.0,80.62,81.72,78.56,78.9,422447.0
2015-07-23,84.45,84.45,80.86,80.99,334929.0,0.0,1.0,84.45,84.45,80.86,80.99,334929.0
2015-07-22,82.07,83.93,81.615,83.6,240688.0,0.0,1.0,82.07,83.93,81.615,83.6,240688.0
2015-07-21,83.11,83.7,81.45,82.17,219223.0,0.0,1.0,83.11,83.7,81.45,82.17,219223.0
2015-07-20,85.19,85.604,83.0501,83.35,390479.0,0.0,1.0,85.19,85.604,83.0501,83.35,390479.0
2015-07-17,85.8,85.96,84.37,85.0,195082.0,0.0,1.0,85.8,85.96,84.37,85.0,195082.0
2015-07-16,86.85,87.146,87.146,85.95,182711.0,0.0,1.0,86.85,87.146,87.146,85.95,182711.0
2015-07-15,87.31,87.88,86.05,86.49,259601.0,0.0,1.0,87.31,87.88,86.05,86.49,259601.0
2015-07-14,86.56,88.02,86.02,87.5,393160.0,0.0,1.0,86.56,88.02,86.02,87.5,393160.0
2015-07-10,87.26,88.5,86.54,87.93,432798.0,0.0,1.0,87.26,88.5,86.54,87.93,432798.0
2015-07-09,86.4,87.27,86.17,86.39,299825.0,0.0,1.0,86.4,87.27,86.17,86.39,299825.0
2015-07-08,85.0,86.73,84.25,85.0,250096.0,0.0,1.0,85.0,86.73,84.25,85.0,250096.0
2015-07-07,87.47,87.48,83.83,85.98,354949.0,0.0,1.0,87.47,87.48,83.83,85.98,354949.0
2015-07-06,85.02,88.55,84.87,87.6,601059.0,0.0,1.0,85.02,88.55,84.87,87.6,601059.0
2015-07-02,87.04,88.23,85.02,86.42,434377.0,0.0,1.0,87.04,88.23,85.02,86.42,434377.0
2015-07-01,85.6,85.785,84.39,84.98,290345.0,0.0,1.0,85.6,85.785,84.39,84.98,290345.0
2015-06-30,85.42,85.59,83.81,84.87,286938.0,0.0,1.0,85.42,85.59,83.81,84.87,286938.0
2015-06-29,86.46,87.33,84.68,84.8,391268.0,0.0,1.0,86.46,87.33,84.68,84.8,391268.0
2015-06-26,89.61,89.71,87.28,87.29,168911.0,0.0,1.0,89.61,89.71,87.28,87.29,168911.0
2015-06-25,87.55,89.76,86.93,89.14,371412.0,0.0,1.0,87.55,89.76,86.93,89.14,371412.0
2015-06-24,88.29,88.85,86.28,86.91,235175.0,0.0,1.0,88.29,88.85,86.28,86.91,235175.0
2015-06-23,89.4,89.41,87.41,88.49,232953.0,0.0,1.0,89.4,89.41,87.41,88.49,232953.0
2015-06-22,89.6,90.2,89.0,89.2,290737.0,0.0,1.0,89.6,90.2,89.0,89.2,290737.0
2015-06-19,88.93,88.93,87.75,88.54,302235.0,0.0,1.0,88.93,88.93,87.75,88.54,302235.0
2015-06-18,89.0,89.76,88.52,88.67,402816.0,0.0,1.0,89.0,89.76,88.52,88.67,402816.0
2015-06-17,89.99,90.24,87.89,88.84,468372.0,0.0,1.0,89.99,90.24,87.89,88.84,468372.0
2015-06-16,87.29,89.95,87.0,89.77,585369.0,0.0,1.0,87.29,89.95,87.0,89.77,585369.0
2015-06-15,84.55,87.85,84.17,87.01,430548.0,0.0,1.0,84.55,87.85,84.17,87.01,430548.0
2015-06-12,85.95,85.95,84.852,85.37,330851.0,0.0,1.0,85.95,85.95,84.852,85.37,330851.0
2015-06-11,82.88,86.66,82.88,86.06,517229.0,0.0,1.0,82.88,86.66,82.88,86.06,517229.0
2015-06-10,81.48,83.67,80.88,83.12,346804.0,0.0,1.0,81.48,83.67,80.88,83.12,346804.0
2015-06-09,81.39,81.764,80.45,81.28,298742.0,0.0,1.0,81.39,81.764,80.45,81.28,298742.0
2015-06-08,81.54,82.895,81.37,81.57,384850.0,0.0,1.0,81.54,82.895,81.37,81.57,384850.0
2015-06-05,81.27,81.836,80.42,81.18,249358.0,0.0,1.0,81.27,81.836,80.42,81.18,249358.0
2015-06-04,80.94,82.1,80.72,81.15,330731.0,0.0,1.0,80.94,82.1,80.72,81.15,330731.0
2015-06-03,83.06,83.56,81.19,81.99,282011.0,0.0,1.0,83.06,83.56,81.19,81.99,282011.0
2015-06-02,84.77,85.29,82.95,83.04,268224.0,0.0,1.0,84.77,85.29,82.95,83.04,268224.0
2015-06-01,85.82,86.32,84.11,85.33,298544.0,0.0,1.0,85.82,86.32,84.11,85.33,298544.0
2015-05-29,82.28,87.805,80.7,85.67,947800.0,0.0,1.0,82.28,87.805,80.7,85.67,947800.0
2015-05-28,82.71,83.21,80.94,82.44,438814.0,0.0,1.0,82.71,83.21,80.94,82.44,438814.0
2015-05-27,82.35,83.97,82.14,83.1,182778.0,0.0,1.0,82.35,83.97,82.14,83.1,182778.0
2015-05-26,82.66,82.9,81.59,82.03,194091.0,0.0,1.0,82.66,82.9,81.59,82.03,194091.0
2015-05-22,83.84,84.17,82.31,83.06,209151.0,0.0,1.0,83.84,84.17,82.31,83.06,209151.0
2015-05-21,84.26,84.65,83.6,84.14,211915.0,0.0,1.0,84.26,84.65,83.6,84.14,211915.0
2015-05-20,85.12,85.29,84.02,84.54,206306.0,0.0,1.0,85.12,85.29,84.02,84.54,206306.0
2015-05-19,84.79,85.82,84.18,84.9,390256.0,0.0,1.0,84.79,85.82,84.18,84.9,390256.0
2015-05-18,82.79,85.14,82.67,84.54,298594.0,0.0,1.0,82.79,85.14,82.67,84.54,298594.0
2015-05-15,82.75,83.43,81.73,83.22,283780.0,0.0,1.0,82.75,83.43,81.73,83.22,283780.0
2015-05-14,82.55,83.2,82.14,82.57,265326.0,0.0,1.0,82.55,83.2,82.14,82.57,265326.0
2015-05-13,82.62,83.99,81.42,82.06,756092.0,0.0,1.0,82.62,83.99,81.42,82.06,756092.0
2015-05-12,80.04,83.55,79.52,82.35,825760.0,0.0,1.0,80.04,83.55,79.52,82.35,825760.0
2015-05-11,79.01,80.45,78.82,80.25,461870.0,0.0,1.0,79.01,80.45,78.82,80.25,461870.0
2015-05-08,77.56,79.06,77.22,78.91,627589.0,0.0,1.0,77.56,79.06,77.22,78.91,627589.0
2015-05-07,80.47,80.95,75.1,76.86,909537.0,0.0,1.0,80.47,80.95,75.1,76.86,909537.0
2015-05-06,81.5,85.81,79.09,80.97,821705.0,0.0,1.0,81.5,85.81,79.09,80.97,821705.0
2015-05-05,79.59,80.38,78.02,78.51,441560.0,0.0,1.0,79.59,80.38,78.02,78.51,441560.0
2015-05-04,78.19,81.12,78.19,79.96,357522.0,0.0,1.0,78.19,81.12,78.19,79.96,357522.0
2015-05-01,77.82,78.36,77.3,77.88,250160.0,0.0,1.0,77.82,78.36,77.3,77.88,250160.0
2015-04-30,79.01,79.74,77.17,77.43,379701.0,0.0,1.0,79.01,79.74,77.17,77.43,379701.0
2015-04-29,81.31,81.51,78.03,79.08,491275.0,0.0,1.0,81.31,81.51,78.03,79.08,491275.0
2015-04-28,81.52,81.85,78.76,81.58,352432.0,0.0,1.0,81.52,81.85,78.76,81.58,352432.0
2015-04-27,83.6,85.3,80.29,80.82,713432.0,0.0,1.0,83.6,85.3,80.29,80.82,713432.0
2015-04-24,83.02,83.57,82.35,83.5,257001.0,0.0,1.0,83.02,83.57,82.35,83.5,257001.0
2015-04-23,82.45,83.84,82.45,83.19,241708.0,0.0,1.0,82.45,83.84,82.45,83.19,241708.0
2015-04-22,83.08,83.25,81.04,82.65,265024.0,0.0,1.0,83.08,83.25,81.04,82.65,265024.0
2015-04-21,83.02,84.09,82.4,82.98,232907.0,0.0,1.0,83.02,84.09,82.4,82.98,232907.0
2015-04-20,83.36,84.16,82.08,82.51,425262.0,0.0,1.0,83.36,84.16,82.08,82.51,425262.0
2015-04-17,84.55,85.15,82.57,82.59,458942.0,0.0,1.0,84.55,85.15,82.57,82.59,458942.0
2015-04-16,85.7,87.05,84.37,85.11,608354.0,0.0,1.0,85.7,87.05,84.37,85.11,608354.0
2015-04-15,89.44,89.76,84.44,84.52,669294.0,0.0,1.0,89.44,89.76,84.44,84.52,669294.0
2015-04-14,89.56,89.998,88.0501,88.82,170908.0,0.0,1.0,89.56,89.998,88.0501,88.82,170908.0
2015-04-13,90.51,91.64,89.1,89.4,168488.0,0.0,1.0,90.51,91.64,89.1,89.4,168488.0
2015-04-10,90.4,90.4,89.24,90.2,179898.0,0.0,1.0,90.4,90.4,89.24,90.2,179898.0
2015-04-09,90.61,91.12,89.37,90.23,153877.0,0.0,1.0,90.61,91.12,89.37,90.23,153877.0
2015-04-08,90.32,91.17,89.79,90.78,211040.0,0.0,1.0,90.32,91.17,89.79,90.78,211040.0
2015-04-07,93.44,93.99,90.13,90.14,316731.0,0.0,1.0,93.44,93.99,90.13,90.14,316731.0
2015-04-06,92.25,92.89,91.92,92.53,203784.0,0.0,1.0,92.25,92.89,91.92,92.53,203784.0
2015-04-02,91.95,93.43,91.61,92.64,443896.0,0.0,1.0,91.95,93.43,91.61,92.64,443896.0
2015-04-01,91.03,91.685,89.85,91.45,173850.0,0.0,1.0,91.03,91.685,89.85,91.45,173850.0
2015-03-31,91.69,92.15,90.65,91.46,220744.0,0.0,1.0,91.69,92.15,90.65,91.46,220744.0
2015-03-30,91.97,93.23,91.53,92.33,245633.0,0.0,1.0,91.97,93.23,91.53,92.33,245633.0
2015-03-27,90.18,91.57,89.72,91.24,232811.0,0.0,1.0,90.18,91.57,89.72,91.24,232811.0
2015-03-26,90.89,90.99,89.18,90.32,185440.0,0.0,1.0,90.89,90.99,89.18,90.32,185440.0
2015-03-25,93.33,94.07,90.93,91.03,169459.0,0.0,1.0,93.33,94.07,90.93,91.03,169459.0
2015-03-24,93.2,93.39,92.4,92.92,450697.0,0.0,1.0,93.2,93.39,92.4,92.92,450697.0
2015-03-23,93.64,93.93,93.19,93.2,271072.0,0.0,1.0,93.64,93.93,93.19,93.2,271072.0
2015-03-20,93.71,95.09,92.47,93.72,559748.0,0.0,1.0,93.71,95.09,92.47,93.72,559748.0
2015-03-19,93.2,94.46,92.67,93.11,276400.0,0.0,1.0,93.2,94.46,92.67,93.11,276400.0
2015-03-18,91.99,93.18,91.31,93.06,357672.0,0.0,1.0,91.99,93.18,91.31,93.06,357672.0
2015-03-17,92.03,92.45,91.0,92.06,264012.0,0.0,1.0,92.03,92.45,91.0,92.06,264012.0
2015-03-16,91.46,93.835,91.04,92.74,396260.0,0.0,1.0,91.46,93.835,91.04,92.74,396260.0
2015-03-13,89.54,91.22,89.11,90.65,365987.0,0.0,1.0,89.54,91.22,89.11,90.65,365987.0
2015-03-12,89.78,90.74,89.26,90.0,617030.0,0.0,1.0,89.78,90.74,89.26,90.0,617030.0
2015-03-11,87.88,89.87,87.04,89.23,413352.0,0.0,1.0,87.88,89.87,87.04,89.23,413352.0
2015-03-10,87.44,88.8,87.26,87.88,231731.0,0.0,1.0,87.44,88.8,87.26,87.88,231731.0
2015-03-09,88.46,89.37,87.61,88.56,376969.0,0.0,1.0,88.46,89.37,87.61,88.56,376969.0
2015-03-06,89.25,89.91,88.29,88.48,639188.0,0.0,1.0,89.25,89.91,88.29,88.48,639188.0
2015-03-05,89.42,90.2299,88.39,90.22,374020.0,0.0,1.0,89.42,90.2299,88.39,90.22,374020.0
2015-03-04,88.37,90.08,87.97,89.09,234861.0,0.0,1.0,88.37,90.08,87.97,89.09,234861.0
2015-03-03,90.19,90.42,88.725,89.0,249898.0,0.0,1.0,90.19,90.42,88.725,89.0,249898.0
2015-03-02,90.34,91.31,89.89,90.67,257251.0,0.0,1.0,90.34,91.31,89.89,90.67,257251.0
2015-02-27,90.29,91.88,90.29,90.81,506527.0,0.0,1.0,90.29,91.88,90.29,90.81,506527.0
2015-02-26,89.69,90.83,89.2,90.6,376736.0,0.0,1.0,89.69,90.83,89.2,90.6,376736.0
2015-02-25,89.52,90.21,88.89,89.84,264871.0,0.0,1.0,89.52,90.21,88.89,89.84,264871.0
2015-02-24,89.19,90.42,88.89,89.39,429897.0,0.0,1.0,89.19,90.42,88.89,89.39,429897.0
2015-02-23,84.85,90.58,84.63,89.3,978911.0,0.0,1.0,84.85,90.58,84.63,89.3,978911.0
2015-02-20,82.52,84.86,82.29,84.62,452273.0,0.0,1.0,82.52,84.86,82.29,84.62,452273.0
2015-02-19,83.22,83.66,82.67,82.73,326997.0,0.0,1.0,83.22,83.66,82.67,82.73,326997.0
2015-02-18,82.89,84.38,82.55,83.12,1176415.0,0.0,1.0,82.89,84.38,82.55,83.12,1176415.0
2015-02-17,82.29,82.32,81.16,82.05,415625.0,0.0,1.0,82.29,82.32,81.16,82.05,415625.0
2015-02-13,82.49,83.26,81.31,82.32,492522.0,0.0,1.0,82.49,83.26,81.31,82.32,492522.0
2015-02-12,82.0,82.92,80.31,82.35,500164.0,0.0,1.0,82.0,82.92,80.31,82.35,500164.0
2015-02-11,75.87,82.71,74.5,80.86,1049122.0,0.0,1.0,75.87,82.71,74.5,80.86,1049122.0
2015-02-10,74.29,75.46,73.48,75.15,511953.0,0.0,1.0,74.29,75.46,73.48,75.15,511953.0
2015-02-09,75.05,76.0599,73.49,73.74,325599.0,0.0,1.0,75.05,76.0599,73.49,73.74,325599.0
2015-02-06,76.01,76.73,75.09,75.38,269844.0,0.0,1.0,76.01,76.73,75.09,75.38,269844.0
2015-02-05,75.86,76.83,75.61,76.1,241527.0,0.0,1.0,75.86,76.83,75.61,76.1,241527.0
2015-02-04,74.37,76.895,74.21,75.66,308530.0,0.0,1.0,74.37,76.895,74.21,75.66,308530.0
2015-02-03,74.49,75.22,73.6,74.75,669622.0,0.0,1.0,74.49,75.22,73.6,74.75,669622.0
2015-02-02,72.87,73.73,71.4,73.59,339229.0,0.0,1.0,72.87,73.73,71.4,73.59,339229.0
2015-01-30,75.01,75.4,72.73,72.85,302849.0,0.0,1.0,75.01,75.4,72.73,72.85,302849.0
2015-01-29,75.46,75.92,74.8,75.83,439997.0,0.0,1.0,75.46,75.92,74.8,75.83,439997.0
2015-01-28,78.0,78.086,75.0,75.72,672020.0,0.0,1.0,78.0,78.086,75.0,75.72,672020.0
2015-01-26,77.52,78.29,76.37,78.12,241221.0,0.0,1.0,77.52,78.29,76.37,78.12,241221.0
2015-01-23,78.64,78.97,77.73,77.85,201987.0,0.0,1.0,78.64,78.97,77.73,77.85,201987.0
2015-01-22,77.74,78.67,76.68,78.64,283340.0,0.0,1.0,77.74,78.67,76.68,78.64,283340.0
2015-01-21,76.03,77.61,75.97,76.95,278995.0,0.0,1.0,76.03,77.61,75.97,76.95,278995.0
2015-01-20,76.33,76.66,75.0,76.01,416645.0,0.0,1.0,76.33,76.66,75.0,76.01,416645.0
2015-01-15,76.24,76.84,74.93,74.98,335243.0,0.0,1.0,76.24,76.84,74.93,74.98,335243.0
2015-01-14,76.2,77.15,75.19,75.85,290670.0,0.0,1.0,76.2,77.15,75.19,75.85,290670.0
2015-01-12,76.78,76.78,75.39,75.65,270987.0,0.0,1.0,76.78,76.78,75.39,75.65,270987.0
2015-01-08,79.07,80.0,78.22,78.8,582121.0,0.0,1.0,79.07,80.0,78.22,78.8,582121.0
2015-01-06,79.41,79.78,77.2,77.82,323622.0,0.0,1.0,79.41,79.78,77.2,77.82,323622.0
2015-01-05,80.28,80.8199,78.05,79.07,467385.0,0.0,1.0,80.28,80.8199,78.05,79.07,467385.0
2015-01-02,83.22,83.243,79.91,80.87,368451.0,0.0,1.0,83.22,83.243,79.91,80.87,368451.0
2014-12-31,83.66,84.65,82.0,82.06,262680.0,0.0,1.0,83.66,84.65,82.0,82.06,262680.0
2014-12-30,83.39,84.0,82.76,82.96,172007.0,0.0,1.0,83.39,84.0,82.76,82.96,172007.0
2014-12-26,83.07,84.69,82.8,84.25,288003.0,0.0,1.0,83.07,84.69,82.8,84.25,288003.0
2014-12-24,82.51,82.97,82.43,82.84,139820.0,0.0,1.0,82.51,82.97,82.43,82.84,139820.0
2014-12-23,82.29,82.69,81.9,82.32,322057.0,0.0,1.0,82.29,82.69,81.9,82.32,322057.0
2014-12-22,81.95,82.19,81.33,81.85,399055.0,0.0,1.0,81.95,82.19,81.33,81.85,399055.0
2014-12-19,78.71,81.67,78.58,81.45,858282.0,0.0,1.0,78.71,81.67,78.58,81.45,858282.0
2014-12-18,78.78,79.34,78.18,78.74,633098.0,0.0,1.0,78.78,79.34,78.18,78.74,633098.0
2014-12-17,75.34,78.08,75.19,77.84,436808.0,0.0,1.0,75.34,78.08,75.19,77.84,436808.0
2014-12-16,75.46,76.46,74.24,74.77,407387.0,0.0,1.0,75.46,76.46,74.24,74.77,407387.0
2014-12-15,76.4,76.75,74.505,75.09,323030.0,0.0,1.0,76.4,76.75,74.505,75.09,323030.0
2014-12-12,75.54,76.6,75.35,75.71,320375.0,0.0,1.0,75.54,76.6,75.35,75.71,320375.0
2014-12-11,76.01,77.09,75.28,76.2,261673.0,0.0,1.0,76.01,77.09,75.28,76.2,261673.0
2014-12-10,76.54,76.54,75.06,75.15,321355.0,0.0,1.0,76.54,76.54,75.06,75.15,321355.0
2014-12-09,74.96,76.69,74.517,76.63,322406.0,0.0,1.0,74.96,76.69,74.517,76.63,322406.0
2014-12-05,76.13,77.66,76.02,76.58,431875.0,0.0,1.0,76.13,77.66,76.02,76.58,431875.0
2014-12-04,76.85,77.15,75.72,76.03,369045.0,0.0,1.0,76.85,77.15,75.72,76.03,369045.0
2014-12-02,73.38,74.62,72.71,74.2,347745.0,0.0,1.0,73.38,74.62,72.71,74.2,347745.0
2014-12-01,73.7,74.18,72.45,73.06,369153.0,0.0,1.0,73.7,74.18,72.45,73.06,369153.0
2014-11-28,74.0,74.72,73.66,73.74,222878.0,0.0,1.0,74.0,74.72,73.66,73.74,222878.0
2014-11-26,73.93,74.31,73.7,74.04,327566.0,0.0,1.0,73.93,74.31,73.7,74.04,327566.0
2014-11-25,73.6,73.94,73.18,73.73,436267.0,0.0,1.0,73.6,73.94,73.18,73.73,436267.0
2014-11-24,70.76,73.54,70.42,73.45,565925.0,0.0,1.0,70.76,73.54,70.42,73.45,565925.0
2014-11-21,70.4,71.25,70.235,70.39,957117.0,0.0,1.0,70.4,71.25,70.235,70.39,957117.0
2014-11-20,68.64,70.0,68.61,69.79,431699.0,0.0,1.0,68.64,70.0,68.61,69.79,431699.0
2014-11-19,69.82,70.29,68.75,69.31,341587.0,0.0,1.0,69.82,70.29,68.75,69.31,341587.0
2014-11-18,70.44,71.35,69.95,69.96,694510.0,0.0,1.0,70.44,71.35,69.95,69.96,694510.0
2014-11-17,68.93,70.3,68.39,70.03,805467.0,0.0,1.0,68.93,70.3,68.39,70.03,805467.0
2014-11-12,69.24,70.01,69.13,69.78,405368.0,0.0,1.0,69.24,70.01,69.13,69.78,405368.0
2014-11-11,70.16,70.265,69.41,69.76,455404.0,0.0,1.0,70.16,70.265,69.41,69.76,455404.0
2014-11-10,69.24,70.12,69.24,69.87,396898.0,0.0,1.0,69.24,70.12,69.24,69.87,396898.0
2014-11-07,70.99,71.27,68.96,69.15,994034.0,0.0,1.0,70.99,71.27,68.96,69.15,994034.0
2014-11-06,69.7,73.97,68.91,71.0,1141383.0,0.0,1.0,69.7,73.97,68.91,71.0,1141383.0
2014-11-04,66.33,67.49,65.76,66.08,603298.0,0.0,1.0,66.33,67.49,65.76,66.08,603298.0
2014-11-03,68.01,68.45,66.41,66.82,1092210.0,0.0,1.0,68.01,68.45,66.41,66.82,1092210.0
2014-10-31,65.78,67.96,65.12,67.87,1133576.0,0.0,1.0,65.78,67.96,65.12,67.87,1133576.0
2014-10-30,65.0,65.62,64.28,64.42,750735.0,0.0,1.0,65.0,65.62,64.28,64.42,750735.0
2014-10-29,65.42,66.39,64.41,64.92,329039.0,0.0,1.0,65.42,66.39,64.41,64.92,329039.0
2014-10-28,63.27,65.47,62.545,65.14,566803.0,0.0,1.0,63.27,65.47,62.545,65.14,566803.0
2014-10-27,63.13,63.3,62.09,63.24,320778.0,0.0,1.0,63.13,63.3,62.09,63.24,320778.0
2014-10-24,62.67,63.28,61.96,63.14,260891.0,0.0,1.0,62.67,63.28,61.96,63.14,260891.0
2014-10-23,62.43,63.49,61.94,62.93,263785.0,0.0,1.0,62.43,63.49,61.94,62.93,263785.0
2014-10-22,63.28,63.48,61.93,62.0,269623.0,0.0,1.0,63.28,63.48,61.93,62.0,269623.0
2014-10-21,61.9,63.42,61.7901,63.29,365116.0,0.0,1.0,61.9,63.42,61.7901,63.29,365116.0
2014-10-20,60.43,61.85,60.1,61.73,370984.0,0.0,1.0,60.43,61.85,60.1,61.73,370984.0
2014-10-17,61.01,61.25,60.13,60.45,445670.0,0.0,1.0,61.01,61.25,60.13,60.45,445670.0
2014-10-16,58.13,61.23,58.1,60.33,983225.0,0.0,1.0,58.13,61.23,58.1,60.33,983225.0
2014-10-15,56.97,59.02,56.18,58.43,712439.0,0.0,1.0,56.97,59.02,56.18,58.43,712439.0
2014-10-14,59.61,59.86,57.99,58.15,502739.0,0.0,1.0,59.61,59.86,57.99,58.15,502739.0
2014-10-13,58.53,60.48,58.34,59.14,604182.0,0.0,1.0,58.53,60.48,58.34,59.14,604182.0
2014-10-10,59.69,61.0,58.5,58.5,598968.0,0.0,1.0,59.69,61.0,58.5,58.5,598968.0
2014-10-09,60.54,60.948,59.24,59.66,572251.0,0.0,1.0,60.54,60.948,59.24,59.66,572251.0
2014-10-08,58.64,60.61,57.94,60.57,552080.0,0.0,1.0,58.64,60.61,57.94,60.57,552080.0
2014-10-07,57.67,58.9,57.67,58.46,819829.0,0.0,1.0,57.67,58.9,57.67,58.46,819829.0
2014-10-06,58.47,58.695,57.28,57.29,618431.0,0.0,1.0,58.47,58.695,57.28,57.29,618431.0
2014-10-03,57.64,58.59,57.3701,58.23,540066.0,0.0,1.0,57.64,58.59,57.3701,58.23,540066.0
2014-10-02,57.35,57.75,55.43,57.46,757119.0,0.0,1.0,57.35,57.75,55.43,57.46,757119.0
2014-10-01,60.05,60.39,57.16,57.2,1409931.0,0.0,1.0,60.05,60.39,57.16,57.2,1409931.0
2014-09-30,61.78,62.11,59.71,60.34,1088014.0,0.0,1.0,61.78,62.11,59.71,60.34,1088014.0
2014-09-29,60.15,62.23,60.1,62.13,665042.0,0.0,1.0,60.15,62.23,60.1,62.13,665042.0
2014-09-26,60.89,61.07,59.88,60.89,700171.0,0.0,1.0,60.89,61.07,59.88,60.89,700171.0
2014-09-25,62.465,62.81,60.59,60.76,725264.0,0.0,1.0,62.465,62.81,60.59,60.76,725264.0
2014-09-24,62.37,62.81,62.07,62.74,786159.0,0.0,1.0,62.37,62.81,62.07,62.74,786159.0
2014-09-23,62.76,63.4,62.32,62.32,489158.0,0.0,1.0,62.76,63.4,62.32,62.32,489158.0
2014-09-22,64.05,64.23,62.93,63.18,489881.0,0.0,1.0,64.05,64.23,62.93,63.18,489881.0
2014-09-19,64.17,64.46,63.82,64.04,615873.0,0.0,1.0,64.17,64.46,63.82,64.04,615873.0
2014-09-18,63.32,64.09,63.11,63.73,579556.0,0.0,1.0,63.32,64.09,63.11,63.73,579556.0
2014-09-17,63.07,63.89,62.72,63.09,1015530.0,0.0,1.0,63.07,63.89,62.72,63.09,1015530.0
2014-09-16,63.96,64.67,63.34,63.54,639856.0,0.0,1.0,63.96,64.67,63.34,63.54,639856.0
2014-09-15,64.57,64.585,63.35,63.81,403689.0,0.0,1.0,64.57,64.585,63.35,63.81,403689.0
2014-09-12,66.41,66.67,63.99,64.34,555678.0,0.0,1.0,66.41,66.67,63.99,64.34,555678.0
2014-09-11,65.6,66.4,65.51,66.35,460172.0,0.0,1.0,65.6,66.4,65.51,66.35,460172.0
2014-09-10,66.05,66.29,64.58,66.24,473197.0,0.0,1.0,66.05,66.29,64.58,66.24,473197.0
2014-09-09,66.26,67.2,65.83,66.32,420408.0,0.0,1.0,66.26,67.2,65.83,66.32,420408.0
2014-09-08,66.01,66.75,65.83,66.52,421881.0,0.0,1.0,66.01,66.75,65.83,66.52,421881.0
2014-09-05,65.09,66.23,64.79,66.23,305913.0,0.0,1.0,65.09,66.23,64.79,66.23,305913.0
2014-09-04,65.32,66.46,64.74,65.04,519415.0,0.0,1.0,65.32,66.46,64.74,65.04,519415.0
2014-09-03,65.44,66.2,65.11,65.36,462694.0,0.0,1.0,65.44,66.2,65.11,65.36,462694.0
2014-09-02,65.9,66.15,65.12,65.27,477060.0,0.0,1.0,65.9,66.15,65.12,65.27,477060.0
2014-08-29,65.41,66.23,65.24,65.86,244675.0,0.0,1.0,65.41,66.23,65.24,65.86,244675.0
2014-08-28,64.69,65.39,64.35,65.22,335618.0,0.0,1.0,64.69,65.39,64.35,65.22,335618.0
2014-08-27,64.43,64.9,64.08,64.6,483057.0,0.0,1.0,64.43,64.9,64.08,64.6,483057.0
2014-08-26,63.11,64.54,63.05,64.12,494464.0,0.0,1.0,63.11,64.54,63.05,64.12,494464.0
2014-08-25,62.7,63.87,62.53,62.79,448691.0,0.0,1.0,62.7,63.87,62.53,62.79,448691.0
2014-08-22,62.84,63.12,62.25,62.63,630133.0,0.0,1.0,62.84,63.12,62.25,62.63,630133.0
2014-08-21,63.5,63.75,62.78,63.04,614944.0,0.0,1.0,63.5,63.75,62.78,63.04,614944.0
2014-08-20,62.72,63.76,62.27,63.61,567722.0,0.0,1.0,62.72,63.76,62.27,63.61,567722.0
2014-08-19,62.87,63.22,62.52,63.11,467690.0,0.0,1.0,62.87,63.22,62.52,63.11,467690.0
2014-08-18,61.89,62.88,61.08,62.75,737534.0,0.0,1.0,61.89,62.88,61.08,62.75,737534.0
2014-08-15,62.95,63.01,61.726,62.18,719263.0,0.0,1.0,62.95,63.01,61.726,62.18,719263.0
2014-08-14,61.455,62.41,61.445,62.4,411680.0,0.0,1.0,61.455,62.41,61.445,62.4,411680.0
2014-08-13,60.69,61.34,60.29,61.3,520843.0,0.0,1.0,60.69,61.34,60.29,61.3,520843.0
2014-08-12,60.23,60.79,60.0,60.5,483491.0,0.0,1.0,60.23,60.79,60.0,60.5,483491.0
2014-08-11,61.22,61.32,60.3,60.61,553041.0,0.0,1.0,61.22,61.32,60.3,60.61,553041.0
2014-08-08,60.29,61.08,60.14,61.0,646060.0,0.0,1.0,60.29,61.08,60.14,61.0,646060.0
2014-08-07,60.16,60.88,59.72,60.01,1098415.0,0.0,1.0,60.16,60.88,59.72,60.01,1098415.0
2014-08-06,60.13,61.2,60.0,60.46,560675.0,0.0,1.0,60.13,61.2,60.0,60.46,560675.0
2014-08-05,62.63,62.64,59.995,60.17,1225067.0,0.0,1.0,62.63,62.64,59.995,60.17,1225067.0
2014-08-04,62.095,62.83,61.48,62.64,742851.0,0.0,1.0,62.095,62.83,61.48,62.64,742851.0
2014-08-01,62.45,63.49,61.83,61.91,1346926.0,0.0,1.0,62.45,63.49,61.83,61.91,1346926.0
2014-07-30,63.63,65.68,62.8,65.43,1998828.0,0.0,1.0,63.63,65.68,62.8,65.43,1998828.0
2014-07-29,63.35,63.65,62.3,63.45,1719167.0,0.0,1.0,63.35,63.65,62.3,63.45,1719167.0
2014-07-28,63.23,63.35,60.98,63.21,2009597.0,0.0,1.0,63.23,63.35,60.98,63.21,2009597.0
2014-07-25,60.48,64.46,59.75,61.61,5659224.0,0.0,1.0,60.48,64.46,59.75,61.61,5659224.0
2014-07-24,77.21,77.78,76.38,76.85,453999.0,0.0,1.0,77.21,77.78,76.38,76.85,453999.0
2014-07-23,76.56,76.79,75.69,76.55,364554.0,0.0,1.0,76.56,76.79,75.69,76.55,364554.0
2014-07-22,75.8,77.45,75.43,76.51,597265.0,0.0,1.0,75.8,77.45,75.43,76.51,597265.0
2014-07-21,74.96,75.4,73.96,74.7,435999.0,0.0,1.0,74.96,75.4,73.96,74.7,435999.0
2014-07-18,74.275,75.3,72.99,75.03,481795.0,0.0,1.0,74.275,75.3,72.99,75.03,481795.0
2014-07-17,72.37,75.095,72.03,74.26,676750.0,0.0,1.0,72.37,75.095,72.03,74.26,676750.0
2014-07-16,74.06,74.73,72.08,72.41,812309.0,0.0,1.0,74.06,74.73,72.08,72.41,812309.0
2014-07-15,75.76,76.23,74.05,74.21,599000.0,0.0,1.0,75.76,76.23,74.05,74.21,599000.0
2014-07-14,74.855,77.06,74.61,76.08,1112827.0,0.0,1.0,74.855,77.06,74.61,76.08,1112827.0
2014-07-11,73.38,74.19,72.31,74.02,770389.0,0.0,1.0,73.38,74.19,72.31,74.02,770389.0
2014-07-10,72.55,73.8,72.11,73.28,428357.0,0.0,1.0,72.55,73.8,72.11,73.28,428357.0
2014-07-09,74.16,74.38,72.96,73.34,422542.0,0.0,1.0,74.16,74.38,72.96,73.34,422542.0
2014-07-08,74.73,75.04,73.15,73.74,309019.0,0.0,1.0,74.73,75.04,73.15,73.74,309019.0
2014-07-07,75.69,76.26,74.4,74.84,335480.0,0.0,1.0,75.69,76.26,74.4,74.84,335480.0
2014-07-03,76.01,76.616,75.47,76.44,189409.0,0.0,1.0,76.01,76.616,75.47,76.44,189409.0
2014-07-02,76.06,76.59,75.35,75.99,308970.0,0.0,1.0,76.06,76.59,75.35,75.99,308970.0
2014-07-01,75.92,76.65,75.08,76.07,778416.0,0.0,1.0,75.92,76.65,75.08,76.07,778416.0
2014-06-30,75.24,76.23,74.43,74.66,458468.0,0.0,1.0,75.24,76.23,74.43,74.66,458468.0
2014-06-27,74.12,75.49,73.61,74.92,580649.0,0.0,1.0,74.12,75.49,73.61,74.92,580649.0
2014-06-26,75.48,75.82,74.44,75.35,181404.0,0.0,1.0,75.48,75.82,74.44,75.35,181404.0
2014-06-25,74.72,75.56,73.96,75.51,353029.0,0.0,1.0,74.72,75.56,73.96,75.51,353029.0
2014-06-24,76.44,76.7,74.81,74.88,248191.0,0.0,1.0,76.44,76.7,74.81,74.88,248191.0
2014-06-23,76.6,77.03,76.01,76.55,263052.0,0.0,1.0,76.6,77.03,76.01,76.55,263052.0
2014-06-20,75.98,76.58,75.27,76.34,574054.0,0.0,1.0,75.98,76.58,75.27,76.34,574054.0
2014-06-19,76.95,77.47,75.45,75.75,500586.0,0.0,1.0,76.95,77.47,75.45,75.75,500586.0
2014-06-18,76.9,77.35,76.03,77.19,278585.0,0.0,1.0,76.9,77.35,76.03,77.19,278585.0
2014-06-17,76.66,78.1,76.434,77.32,482930.0,0.0,1.0,76.66,78.1,76.434,77.32,482930.0
2014-06-16,76.73,77.17,76.32,76.72,333978.0,0.0,1.0,76.73,77.17,76.32,76.72,333978.0
2014-06-13,76.94,77.13,75.9,76.82,258839.0,0.0,1.0,76.94,77.13,75.9,76.82,258839.0
2014-06-12,77.03,77.44,76.2,76.71,604303.0,0.0,1.0,77.03,77.44,76.2,76.71,604303.0
2014-06-11,77.5,77.63,76.81,77.33,365963.0,0.0,1.0,77.5,77.63,76.81,77.33,365963.0
2014-06-10,77.35,77.8,76.52,77.5,521869.0,0.0,1.0,77.35,77.8,76.52,77.5,521869.0
2014-06-09,77.7,77.93,76.82,77.58,315804.0,0.0,1.0,77.7,77.93,76.82,77.58,315804.0
2014-06-06,76.92,77.78,76.755,77.59,408685.0,0.0,1.0,76.92,77.78,76.755,77.59,408685.0
2014-06-05,76.27,77.59,76.04,76.39,633459.0,0.0,1.0,76.27,77.59,76.04,76.39,633459.0
2014-06-04,75.99,76.71,75.59,76.44,621993.0,0.0,1.0,75.99,76.71,75.59,76.44,621993.0
2014-06-03,76.1,77.01,75.23,75.94,786226.0,0.0,1.0,76.1,77.01,75.23,75.94,786226.0
2014-06-02,77.765,77.95,76.81,77.3,459651.0,0.0,1.0,77.765,77.95,76.81,77.3,459651.0
2014-05-30,77.91,78.18,76.71,77.45,450347.0,0.0,1.0,77.91,78.18,76.71,77.45,450347.0
2014-05-29,76.29,77.75,75.45,77.72,527882.0,0.0,1.0,76.29,77.75,75.45,77.72,527882.0
2014-05-28,77.3,77.66,76.06,76.24,482211.0,0.0,1.0,77.3,77.66,76.06,76.24,482211.0
2014-05-27,74.8,78.37,74.66,76.91,945618.0,0.0,1.0,74.8,78.37,74.66,76.91,945618.0
2014-05-23,73.79,75.16,73.53,74.73,414959.0,0.0,1.0,73.79,75.16,73.53,74.73,414959.0
2014-05-22,73.14,73.91,72.98,73.41,342169.0,0.0,1.0,73.14,73.91,72.98,73.41,342169.0
2014-05-21,72.405,73.715,71.685,73.34,752643.0,0.0,1.0,72.405,73.715,71.685,73.34,752643.0
2014-05-20,73.18,73.47,71.5,72.25,502297.0,0.0,1.0,73.18,73.47,71.5,72.25,502297.0
2014-05-16,72.09,72.32,71.25,72.31,426337.0,0.0,1.0,72.09,72.32,71.25,72.31,426337.0
2014-05-15,72.47,72.54,70.98,72.28,627335.0,0.0,1.0,72.47,72.54,70.98,72.28,627335.0
2014-05-14,73.64,73.99,72.26,72.51,611374.0,0.0,1.0,73.64,73.99,72.26,72.51,611374.0
2014-05-13,73.17,74.33,73.02,73.73,614708.0,0.0,1.0,73.17,74.33,73.02,73.73,614708.0
2014-05-12,73.48,73.96,72.77,73.02,527753.0,0.0,1.0,73.48,73.96,72.77,73.02,527753.0
2014-05-08,72.49,73.34,70.52,71.04,789981.0,0.0,1.0,72.49,73.34,70.52,71.04,789981.0
2014-05-07,67.76,73.1,67.5,72.67,1268422.0,0.0,1.0,67.76,73.1,67.5,72.67,1268422.0
2014-05-06,70.33,72.48,67.48,67.57,1452349.0,0.0,1.0,70.33,72.48,67.48,67.57,1452349.0
2014-05-05,66.15,66.33,65.26,65.96,964117.0,0.0,1.0,66.15,66.33,65.26,65.96,964117.0
2014-05-02,65.84,67.295,65.8,66.59,412485.0,0.0,1.0,65.84,67.295,65.8,66.59,412485.0
2014-05-01,67.43,67.64,65.73,66.38,727038.0,0.0,1.0,67.43,67.64,65.73,66.38,727038.0
2014-04-30,66.66,68.6,66.61,67.47,552395.0,0.0,1.0,66.66,68.6,66.61,67.47,552395.0
2014-04-29,66.81,67.88,66.58,66.69,515530.0,0.0,1.0,66.81,67.88,66.58,66.69,515530.0
2014-04-28,66.61,67.17,65.56,66.46,393331.0,0.0,1.0,66.61,67.17,65.56,66.46,393331.0
2014-04-25,66.75,67.36,66.0,66.6,380624.0,0.0,1.0,66.75,67.36,66.0,66.6,380624.0
2014-04-24,66.01,67.14,65.33,66.83,711397.0,0.0,1.0,66.01,67.14,65.33,66.83,711397.0
2014-04-23,64.84,65.71,64.31,65.35,469323.0,0.0,1.0,64.84,65.71,64.31,65.35,469323.0
2014-04-22,63.04,65.69,63.04,64.78,740900.0,0.0,1.0,63.04,65.69,63.04,64.78,740900.0
2014-04-21,62.44,63.14,62.01,62.45,533598.0,0.0,1.0,62.44,63.14,62.01,62.45,533598.0
2014-04-17,62.97,63.55,61.47,62.21,726154.0,0.0,1.0,62.97,63.55,61.47,62.21,726154.0
2014-04-16,64.11,64.38,62.89,63.56,599953.0,0.0,1.0,64.11,64.38,62.89,63.56,599953.0
2014-04-15,64.32,65.06,63.0,63.73,644475.0,0.0,1.0,64.32,65.06,63.0,63.73,644475.0
2014-04-14,63.24,64.4,62.56,63.59,606400.0,0.0,1.0,63.24,64.4,62.56,63.59,606400.0
2014-04-11,65.89,66.47,62.29,63.11,1686600.0,0.0,1.0,65.89,66.47,62.29,63.11,1686600.0
2014-04-10,66.79,69.34,64.17,66.78,1921400.0,0.0,1.0,66.79,69.34,64.17,66.78,1921400.0
2014-04-09,66.35,67.96,66.35,66.98,591300.0,0.0,1.0,66.35,67.96,66.35,66.98,591300.0
2014-04-08,64.37,66.4,63.44,66.15,961000.0,0.0,1.0,64.37,66.4,63.44,66.15,961000.0
2014-04-07,63.9,65.0,63.55,64.08,798200.0,0.0,1.0,63.9,65.0,63.55,64.08,798200.0
2014-04-04,66.44,66.44,64.05,64.31,620500.0,0.0,1.0,66.44,66.44,64.05,64.31,620500.0
2014-04-03,65.31,65.87,64.66,65.74,517000.0,0.0,1.0,65.31,65.87,64.66,65.74,517000.0
2014-04-02,64.36,65.11,64.18,64.98,481900.0,0.0,1.0,64.36,65.11,64.18,64.98,481900.0
2014-04-01,63.77,64.72,63.48,64.39,484000.0,0.0,1.0,63.77,64.72,63.48,64.39,484000.0
2014-03-31,64.06,64.17,63.19,63.52,442300.0,0.0,1.0,64.06,64.17,63.19,63.52,442300.0
2014-03-28,62.79,64.5,62.59,63.59,406800.0,0.0,1.0,62.79,64.5,62.59,63.59,406800.0
2014-03-27,63.79,63.86,62.4,62.85,478900.0,0.0,1.0,63.79,63.86,62.4,62.85,478900.0
2014-03-26,64.88,65.03,63.05,63.67,570700.0,0.0,1.0,64.88,65.03,63.05,63.67,570700.0
2014-03-25,65.81,66.3,63.92,64.24,506400.0,0.0,1.0,65.81,66.3,63.92,64.24,506400.0
2014-03-24,67.02,67.31,65.7,65.72,495800.0,0.0,1.0,67.02,67.31,65.7,65.72,495800.0
2014-03-21,67.43,67.93,66.93,67.02,601300.0,0.0,1.0,67.43,67.93,66.93,67.02,601300.0
2014-03-20,66.27,67.53,66.21,66.95,493200.0,0.0,1.0,66.27,67.53,66.21,66.95,493200.0
2014-03-19,65.13,65.69,64.87,65.32,352000.0,0.0,1.0,65.13,65.69,64.87,65.32,352000.0
2014-03-18,63.84,65.49,63.63,65.04,980500.0,0.0,1.0,63.84,65.49,63.63,65.04,980500.0
2014-03-17,63.39,64.62,63.39,63.97,421200.0,0.0,1.0,63.39,64.62,63.39,63.97,421200.0
2014-03-14,64.06,64.68,62.85,63.22,905500.0,0.0,1.0,64.06,64.68,62.85,63.22,905500.0
2014-03-13,63.5,64.39,63.13,64.24,926000.0,0.0,1.0,63.5,64.39,63.13,64.24,926000.0
2014-03-12,61.94,63.25,61.94,63.21,493100.0,0.0,1.0,61.94,63.25,61.94,63.21,493100.0
2014-03-11,62.12,62.92,62.12,62.58,834200.0,0.0,1.0,62.12,62.92,62.12,62.58,834200.0
2014-03-10,61.31,62.26,60.91,62.26,405300.0,0.0,1.0,61.31,62.26,60.91,62.26,405300.0
2014-03-07,62.08,62.11,61.1,61.59,513500.0,0.0,1.0,62.08,62.11,61.1,61.59,513500.0
2014-03-06,62.07,62.26,61.37,61.54,336900.0,0.0,1.0,62.07,62.26,61.37,61.54,336900.0
2014-03-05,62.71,63.14,61.69,61.81,609000.0,0.0,1.0,62.71,63.14,61.69,61.81,609000.0
2014-03-04,62.02,63.53,62.01,62.99,550200.0,0.0,1.0,62.02,63.53,62.01,62.99,550200.0
2014-03-03,61.41,62.04,60.64,61.31,536900.0,0.0,1.0,61.41,62.04,60.64,61.31,536900.0
2014-02-28,61.46,62.59,61.46,61.82,544000.0,0.0,1.0,61.46,62.59,61.46,61.82,544000.0
2014-02-27,60.66,62.37,60.51,61.34,1181600.0,0.0,1.0,60.66,62.37,60.51,61.34,1181600.0
2014-02-26,59.16,59.95,58.3,59.2,813100.0,0.0,1.0,59.16,59.95,58.3,59.2,813100.0
2014-02-25,61.58,61.72,58.89,58.94,829400.0,0.0,1.0,61.58,61.72,58.89,58.94,829400.0
2014-02-24,60.65,63.87,60.65,61.76,1541000.0,0.0,1.0,60.65,63.87,60.65,61.76,1541000.0
2014-02-21,60.37,61.95,60.07,61.05,654300.0,0.0,1.0,60.37,61.95,60.07,61.05,654300.0
2014-02-20,59.94,60.68,59.46,60.31,415100.0,0.0,1.0,59.94,60.68,59.46,60.31,415100.0
2014-02-19,60.44,61.56,60.03,60.07,486900.0,0.0,1.0,60.44,61.56,60.03,60.07,486900.0
2014-02-18,60.94,61.42,60.11,60.72,660800.0,0.0,1.0,60.94,61.42,60.11,60.72,660800.0
2014-02-14,58.1,61.39,57.38,60.85,1459500.0,0.0,1.0,58.1,61.39,57.38,60.85,1459500.0
2014-02-13,56.01,58.98,55.8,58.41,1563800.0,0.0,1.0,56.01,58.98,55.8,58.41,1563800.0
2014-02-12,57.81,59.26,55.16,56.64,3007200.0,0.0,1.0,57.81,59.26,55.16,56.64,3007200.0
2014-02-11,63.19,63.46,61.93,62.22,819600.0,0.0,1.0,63.19,63.46,61.93,62.22,819600.0
2014-02-10,62.51,63.55,61.79,63.38,390700.0,0.0,1.0,62.51,63.55,61.79,63.38,390700.0
2014-02-07,62.75,63.47,62.23,62.51,665900.0,0.0,1.0,62.75,63.47,62.23,62.51,665900.0
2014-02-06,63.31,63.4,62.49,62.76,462800.0,0.0,1.0,63.31,63.4,62.49,62.76,462800.0
2014-02-05,62.94,63.68,62.16,63.01,499400.0,0.0,1.0,62.94,63.68,62.16,63.01,499400.0
2014-02-04,63.14,63.44,62.01,62.97,552200.0,0.0,1.0,63.14,63.44,62.01,62.97,552200.0
2014-02-03,65.0,65.22,62.58,62.79,849200.0,0.0,1.0,65.0,65.22,62.58,62.79,849200.0
2014-01-31,65.0,65.92,65.0,65.11,488300.0,0.0,1.0,65.0,65.92,65.0,65.11,488300.0
2014-01-30,65.14,66.3,64.76,65.77,396800.0,0.0,1.0,65.14,66.3,64.76,65.77,396800.0
2014-01-29,65.43,66.79,64.0,64.5,432600.0,0.0,1.0,65.43,66.79,64.0,64.5,432600.0
2014-01-28,66.29,66.29,65.25,65.76,491700.0,0.0,1.0,66.29,66.29,65.25,65.76,491700.0
2014-01-27,67.34,67.64,65.71,66.34,537200.0,0.0,1.0,67.34,67.64,65.71,66.34,537200.0
2014-01-24,69.85,69.95,68.25,68.37,435500.0,0.0,1.0,69.85,69.95,68.25,68.37,435500.0
2014-01-23,69.79,70.52,69.79,70.12,461400.0,0.0,1.0,69.79,70.52,69.79,70.12,461400.0
2014-01-22,70.74,70.74,69.58,70.44,258100.0,0.0,1.0,70.74,70.74,69.58,70.44,258100.0
2014-01-21,70.69,70.69,69.71,70.51,534800.0,0.0,1.0,70.69,70.69,69.71,70.51,534800.0
2014-01-17,71.1,71.34,70.05,70.24,328300.0,0.0,1.0,71.1,71.34,70.05,70.24,328300.0
2014-01-16,72.54,72.78,71.14,71.25,254600.0,0.0,1.0,72.54,72.78,71.14,71.25,254600.0
2014-01-15,71.38,73.44,71.14,72.71,591600.0,0.0,1.0,71.38,73.44,71.14,72.71,591600.0
2014-01-14,70.83,71.44,70.49,71.04,409600.0,0.0,1.0,70.83,71.44,70.49,71.04,409600.0
2014-01-13,70.81,71.48,69.79,70.25,337200.0,0.0,1.0,70.81,71.48,69.79,70.25,337200.0
2014-01-10,71.99,71.99,70.8,71.16,259900.0,0.0,1.0,71.99,71.99,70.8,71.16,259900.0
2014-01-09,71.74,72.38,71.66,71.99,332600.0,0.0,1.0,71.74,72.38,71.66,71.99,332600.0
2014-01-08,71.14,71.84,70.81,71.49,374400.0,0.0,1.0,71.14,71.84,70.81,71.49,374400.0
2014-01-07,69.45,71.71,68.95,71.28,474100.0,0.0,1.0,69.45,71.71,68.95,71.28,474100.0
2014-01-06,70.06,70.06,68.79,68.96,343800.0,0.0,1.0,70.06,70.06,68.79,68.96,343800.0
2014-01-03,70.2,70.9,69.53,69.62,224100.0,0.0,1.0,70.2,70.9,69.53,69.62,224100.0
2014-01-02,70.05,70.86,69.63,70.25,347000.0,0.0,1.0,70.05,70.86,69.63,70.25,347000.0
2013-12-31,69.16,70.8,69.0,70.42,398800.0,0.0,1.0,69.16,70.8,69.0,70.42,398800.0
2013-12-30,68.36,69.56,68.25,69.19,237400.0,0.0,1.0,68.36,69.56,68.25,69.19,237400.0
2013-12-27,68.83,69.06,68.42,68.6,151500.0,0.0,1.0,68.83,69.06,68.42,68.6,151500.0
2013-12-26,68.66,69.17,68.37,68.54,166700.0,0.0,1.0,68.66,69.17,68.37,68.54,166700.0
2013-12-24,68.39,68.95,68.09,68.38,136800.0,0.0,1.0,68.39,68.95,68.09,68.38,136800.0
2013-12-23,67.64,68.32,67.25,68.21,353800.0,0.0,1.0,67.64,68.32,67.25,68.21,353800.0
2013-12-20,67.56,67.68,66.32,67.07,826400.0,0.0,1.0,67.56,67.68,66.32,67.07,826400.0
2013-12-19,67.31,67.31,66.33,67.08,366900.0,0.0,1.0,67.31,67.31,66.33,67.08,366900.0
2013-12-18,67.77,67.97,66.37,67.58,713500.0,0.0,1.0,67.77,67.97,66.37,67.58,713500.0
2013-12-17,67.28,67.95,66.55,67.55,565800.0,0.0,1.0,67.28,67.95,66.55,67.55,565800.0
2013-12-16,68.76,68.96,67.39,67.51,476000.0,0.0,1.0,68.76,68.96,67.39,67.51,476000.0
2013-12-13,68.18,68.77,66.74,68.34,827800.0,0.0,1.0,68.18,68.77,66.74,68.34,827800.0
2013-12-12,68.76,69.59,67.47,67.85,650900.0,0.0,1.0,68.76,69.59,67.47,67.85,650900.0
2013-12-11,71.34,71.54,68.46,68.59,642700.0,0.0,1.0,71.34,71.54,68.46,68.59,642700.0
2013-12-10,71.15,71.88,71.11,71.16,548000.0,0.0,1.0,71.15,71.88,71.11,71.16,548000.0
2013-12-09,73.18,73.4,71.2,71.42,515600.0,0.0,1.0,73.18,73.4,71.2,71.42,515600.0
2013-12-06,73.38,74.0,72.84,72.93,594700.0,0.0,1.0,73.38,74.0,72.84,72.93,594700.0
2013-12-05,73.86,74.18,72.21,72.61,850400.0,0.0,1.0,73.86,74.18,72.21,72.61,850400.0
2013-12-04,73.93,75.24,73.36,73.86,832700.0,0.0,1.0,73.93,75.24,73.36,73.86,832700.0
2013-12-03,74.24,74.76,73.94,74.3,632700.0,0.0,1.0,74.24,74.76,73.94,74.3,632700.0
2013-12-02,74.17,75.31,74.16,74.5,574900.0,0.0,1.0,74.17,75.31,74.16,74.5,574900.0
2013-11-29,74.97,75.14,74.28,74.3,133000.0,0.0,1.0,74.97,75.14,74.28,74.3,133000.0
2013-11-27,75.0,75.0,74.13,74.53,446300.0,0.0,1.0,75.0,75.0,74.13,74.53,446300.0
2013-11-26,73.76,75.27,73.1,74.76,541100.0,0.0,1.0,73.76,75.27,73.1,74.76,541100.0
2013-11-25,73.07,74.46,73.07,73.43,367900.0,0.0,1.0,73.07,74.46,73.07,73.43,367900.0
2013-11-22,71.78,73.09,71.37,72.95,460600.0,0.0,1.0,71.78,73.09,71.37,72.95,460600.0
2013-11-21,70.76,72.36,70.17,71.62,701300.0,0.0,1.0,70.76,72.36,70.17,71.62,701300.0
2013-11-20,69.64,70.99,69.57,70.76,445500.0,0.0,1.0,69.64,70.99,69.57,70.76,445500.0
2013-11-19,69.39,70.84,68.56,69.51,551800.0,0.0,1.0,69.39,70.84,68.56,69.51,551800.0
2013-11-18,69.31,69.7,69.05,69.57,479000.0,0.0,1.0,69.31,69.7,69.05,69.57,479000.0
2013-11-15,69.07,69.68,68.1,69.29,520500.0,0.0,1.0,69.07,69.68,68.1,69.29,520500.0
2013-11-14,67.36,69.4,67.36,69.33,442100.0,0.0,1.0,67.36,69.4,67.36,69.33,442100.0
2013-11-13,66.31,67.69,65.82,67.47,395600.0,0.0,1.0,66.31,67.69,65.82,67.47,395600.0
2013-11-12,67.51,67.68,66.28,66.53,387200.0,0.0,1.0,67.51,67.68,66.28,66.53,387200.0
2013-11-11,65.48,68.11,65.3,67.91,392900.0,0.0,1.0,65.48,68.11,65.3,67.91,392900.0
2013-11-08,65.98,66.16,65.06,65.58,514200.0,0.0,1.0,65.98,66.16,65.06,65.58,514200.0
2013-11-07,68.46,68.59,66.03,66.08,614100.0,0.0,1.0,68.46,68.59,66.03,66.08,614100.0
2013-11-06,67.97,68.33,66.57,68.2,633000.0,0.0,1.0,67.97,68.33,66.57,68.2,633000.0
2013-11-05,65.73,67.94,64.74,67.66,966500.0,0.0,1.0,65.73,67.94,64.74,67.66,966500.0
2013-11-04,61.72,66.57,61.45,66.22,1409600.0,0.0,1.0,61.72,66.57,61.45,66.22,1409600.0
2013-11-01,63.11,63.93,60.05,62.6,3267000.0,0.0,1.0,63.11,63.93,60.05,62.6,3267000.0
2013-10-31,66.35,67.38,66.0,66.68,749300.0,0.0,1.0,66.35,67.38,66.0,66.68,749300.0
2013-10-30,67.3,67.78,66.18,66.23,391400.0,0.0,1.0,67.3,67.78,66.18,66.23,391400.0
2013-10-29,67.33,67.82,66.0,67.36,410900.0,0.0,1.0,67.33,67.82,66.0,67.36,410900.0
2013-10-28,67.05,67.73,67.01,67.36,209800.0,0.0,1.0,67.05,67.73,67.01,67.36,209800.0
2013-10-25,67.42,67.58,66.86,67.21,346500.0,0.0,1.0,67.42,67.58,66.86,67.21,346500.0
2013-10-24,68.89,69.21,67.03,67.12,396500.0,0.0,1.0,68.89,69.21,67.03,67.12,396500.0
2013-10-23,69.86,70.64,68.32,68.75,467900.0,0.0,1.0,69.86,70.64,68.32,68.75,467900.0
2013-10-22,69.6,71.04,69.6,70.0,347600.0,0.0,1.0,69.6,71.04,69.6,70.0,347600.0
2013-10-21,69.74,70.67,69.11,69.28,403300.0,0.0,1.0,69.74,70.67,69.11,69.28,403300.0
2013-10-18,71.93,71.93,68.16,69.74,541700.0,0.0,1.0,71.93,71.93,68.16,69.74,541700.0
2013-10-17,71.72,71.91,70.32,70.88,370500.0,0.0,1.0,71.72,71.91,70.32,70.88,370500.0
2013-10-16,71.5,72.69,71.5,72.39,356300.0,0.0,1.0,71.5,72.69,71.5,72.39,356300.0
2013-10-15,71.91,72.46,70.75,71.29,340200.0,0.0,1.0,71.91,72.46,70.75,71.29,340200.0
2013-10-14,71.32,71.99,70.72,71.96,425300.0,0.0,1.0,71.32,71.99,70.72,71.96,425300.0
2013-10-11,71.72,72.18,71.16,71.79,525200.0,0.0,1.0,71.72,72.18,71.16,71.79,525200.0
2013-10-10,71.63,72.74,71.27,71.7,483300.0,0.0,1.0,71.63,72.74,71.27,71.7,483300.0
2013-10-09,71.51,71.96,70.8,71.14,385600.0,0.0,1.0,71.51,71.96,70.8,71.14,385600.0
2013-10-08,71.82,72.7,70.87,71.1,416900.0,0.0,1.0,71.82,72.7,70.87,71.1,416900.0
2013-10-07,72.34,72.4,71.37,71.67,411200.0,0.0,1.0,72.34,72.4,71.37,71.67,411200.0
2013-10-04,71.93,73.42,71.84,72.78,291800.0,0.0,1.0,71.93,73.42,71.84,72.78,291800.0
2013-10-03,72.39,72.66,71.35,72.08,332100.0,0.0,1.0,72.39,72.66,71.35,72.08,332100.0
2013-10-02,71.67,73.02,70.7,72.71,757900.0,0.0,1.0,71.67,73.02,70.7,72.71,757900.0
2013-10-01,69.67,72.37,69.42,72.2,675000.0,0.0,1.0,69.67,72.37,69.42,72.2,675000.0
2013-09-30,68.63,70.02,68.13,69.74,295600.0,0.0,1.0,68.63,70.02,68.13,69.74,295600.0
2013-09-27,69.12,69.46,68.85,69.09,196200.0,0.0,1.0,69.12,69.46,68.85,69.09,196200.0
2013-09-26,69.12,70.26,68.59,69.71,251600.0,0.0,1.0,69.12,70.26,68.59,69.71,251600.0
2013-09-25,70.12,70.42,69.1,69.17,390700.0,0.0,1.0,70.12,70.42,69.1,69.17,390700.0
2013-09-24,70.91,71.34,68.95,69.83,949100.0,0.0,1.0,70.91,71.34,68.95,69.83,949100.0
2013-09-23,66.55,71.11,65.21,70.96,1351500.0,0.0,1.0,66.55,71.11,65.21,70.96,1351500.0
2013-09-20,67.27,68.08,66.28,66.79,640600.0,0.0,1.0,67.27,68.08,66.28,66.79,640600.0
2013-09-19,68.7,69.04,66.89,66.96,248000.0,0.0,1.0,68.7,69.04,66.89,66.96,248000.0
2013-09-18,69.23,69.64,68.2,68.71,535000.0,0.0,1.0,69.23,69.64,68.2,68.71,535000.0
2013-09-17,69.15,69.51,68.2,69.41,369800.0,0.0,1.0,69.15,69.51,68.2,69.41,369800.0
2013-09-16,69.76,69.76,68.42,69.16,572400.0,0.0,1.0,69.76,69.76,68.42,69.16,572400.0
2013-09-13,67.81,69.14,67.06,68.77,413000.0,0.0,1.0,67.81,69.14,67.06,68.77,413000.0
2013-09-12,67.66,68.16,67.38,67.52,456300.0,0.0,1.0,67.66,68.16,67.38,67.52,456300.0
2013-09-11,66.48,67.98,66.48,67.83,236100.0,0.0,1.0,66.48,67.98,66.48,67.83,236100.0
2013-09-10,66.99,67.33,66.23,66.76,286800.0,0.0,1.0,66.99,67.33,66.23,66.76,286800.0
2013-09-09,67.05,67.27,65.9,66.51,304300.0,0.0,1.0,67.05,67.27,65.9,66.51,304300.0
2013-09-06,67.48,68.19,66.03,67.25,546600.0,0.0,1.0,67.48,68.19,66.03,67.25,546600.0
2013-09-05,66.02,68.25,65.26,67.3,721600.0,0.0,1.0,66.02,68.25,65.26,67.3,721600.0
2013-09-04,64.15,65.27,63.9,65.26,302800.0,0.0,1.0,64.15,65.27,63.9,65.26,302800.0
2013-09-03,64.49,65.26,63.6,64.19,446500.0,0.0,1.0,64.49,65.26,63.6,64.19,446500.0
2013-08-30,64.75,64.75,63.22,63.67,397700.0,0.0,1.0,64.75,64.75,63.22,63.67,397700.0
2013-08-29,63.97,65.5,63.5,64.81,256900.0,0.0,1.0,63.97,65.5,63.5,64.81,256900.0
2013-08-28,63.94,64.89,63.56,63.98,356400.0,0.0,1.0,63.94,64.89,63.56,63.98,356400.0
2013-08-27,65.31,65.94,63.74,63.91,471800.0,0.0,1.0,65.31,65.94,63.74,63.91,471800.0
2013-08-26,65.37,66.62,65.09,65.81,345100.0,0.0,1.0,65.37,66.62,65.09,65.81,345100.0
2013-08-23,65.76,65.76,64.97,65.39,377100.0,0.0,1.0,65.76,65.76,64.97,65.39,377100.0
2013-08-22,65.18,65.98,64.83,65.79,231800.0,0.0,1.0,65.18,65.98,64.83,65.79,231800.0
2013-08-21,66.38,66.38,64.8,65.01,341500.0,0.0,1.0,66.38,66.38,64.8,65.01,341500.0
2013-08-20,65.51,66.79,65.21,66.45,476000.0,0.0,1.0,65.51,66.79,65.21,66.45,476000.0
2013-08-19,66.16,66.71,65.41,65.57,404600.0,0.0,1.0,66.16,66.71,65.41,65.57,404600.0
2013-08-16,65.17,67.0,65.17,66.11,364900.0,0.0,1.0,65.17,67.0,65.17,66.11,364900.0
2013-08-15,66.0,66.36,65.43,65.5,552100.0,0.0,1.0,66.0,66.36,65.43,65.5,552100.0
2013-08-14,67.16,67.5,66.23,66.51,458700.0,0.0,1.0,67.16,67.5,66.23,66.51,458700.0
2013-08-13,67.31,67.31,65.94,66.95,388400.0,0.0,1.0,67.31,67.31,65.94,66.95,388400.0
2013-08-12,66.67,67.46,66.08,67.4,570000.0,0.0,1.0,66.67,67.46,66.08,67.4,570000.0
2013-08-09,65.51,67.29,64.47,67.06,438000.0,0.0,1.0,65.51,67.29,64.47,67.06,438000.0
2013-08-08,65.5,66.48,65.1,65.72,691400.0,0.0,1.0,65.5,66.48,65.1,65.72,691400.0
2013-08-07,63.3,68.17,63.3,65.28,2147700.0,0.0,1.0,63.3,68.17,63.3,65.28,2147700.0
2013-08-06,61.29,61.29,60.35,60.57,737600.0,0.0,1.0,61.29,61.29,60.35,60.57,737600.0
2013-08-05,61.19,61.93,60.76,61.44,832200.0,0.0,1.0,61.19,61.93,60.76,61.44,832200.0
2013-08-02,61.25,61.59,60.47,61.28,393800.0,0.0,1.0,61.25,61.59,60.47,61.28,393800.0
2013-08-01,61.64,61.91,60.56,61.53,533400.0,0.0,1.0,61.64,61.91,60.56,61.53,533400.0
2013-07-31,61.77,61.98,60.85,61.03,412000.0,0.0,1.0,61.77,61.98,60.85,61.03,412000.0
2013-07-30,62.09,62.09,61.01,61.46,235000.0,0.0,1.0,62.09,62.09,61.01,61.46,235000.0
2013-07-29,61.71,62.6,61.63,61.75,278800.0,0.0,1.0,61.71,62.6,61.63,61.75,278800.0
2013-07-26,62.65,63.15,61.82,62.02,356100.0,0.0,1.0,62.65,63.15,61.82,62.02,356100.0
2013-07-25,62.52,63.06,61.91,63.05,518500.0,0.0,1.0,62.52,63.06,61.91,63.05,518500.0
2013-07-24,62.77,63.0,62.31,62.76,419800.0,0.0,1.0,62.77,63.0,62.31,62.76,419800.0
2013-07-23,61.75,62.61,61.57,62.43,416600.0,0.0,1.0,61.75,62.61,61.57,62.43,416600.0
2013-07-22,61.61,62.22,61.17,61.75,440800.0,0.0,1.0,61.61,62.22,61.17,61.75,440800.0
2013-07-19,60.65,61.88,59.63,61.56,429700.0,0.0,1.0,60.65,61.88,59.63,61.56,429700.0
2013-07-18,59.62,61.74,59.28,60.77,618500.0,0.0,1.0,59.62,61.74,59.28,60.77,618500.0
2013-07-17,59.38,60.05,58.91,59.26,593400.0,0.0,1.0,59.38,60.05,58.91,59.26,593400.0
2013-07-16,58.85,59.7,58.36,59.22,555200.0,0.0,1.0,58.85,59.7,58.36,59.22,555200.0
2013-07-15,57.22,59.28,56.8,58.81,555600.0,0.0,1.0,57.22,59.28,56.8,58.81,555600.0
2013-07-12,57.25,57.69,56.82,57.01,315500.0,0.0,1.0,57.25,57.69,56.82,57.01,315500.0
2013-07-11,57.86,58.11,57.03,57.24,313800.0,0.0,1.0,57.86,58.11,57.03,57.24,313800.0
2013-07-10,58.03,58.64,57.31,57.33,286100.0,0.0,1.0,58.03,58.64,57.31,57.33,286100.0
2013-07-09,58.02,58.54,57.8,57.98,523100.0,0.0,1.0,58.02,58.54,57.8,57.98,523100.0
2013-07-08,56.95,58.37,56.4,57.86,859100.0,0.0,1.0,56.95,58.37,56.4,57.86,859100.0
2013-07-05,56.47,56.88,55.3,56.86,229500.0,0.0,1.0,56.47,56.88,55.3,56.86,229500.0
2013-07-03,55.96,56.05,55.12,55.77,225500.0,0.0,1.0,55.96,56.05,55.12,55.77,225500.0
2013-07-02,55.91,57.21,55.91,56.36,620300.0,0.0,1.0,55.91,57.21,55.91,56.36,620300.0
2013-07-01,55.75,56.2,55.51,55.73,333300.0,0.0,1.0,55.75,56.2,55.51,55.73,333300.0
2013-06-28,55.68,56.04,54.9,55.55,930200.0,0.0,1.0,55.68,56.04,54.9,55.55,930200.0
2013-06-27,53.48,55.98,53.47,55.88,534700.0,0.0,1.0,53.48,55.98,53.47,55.88,534700.0
2013-06-26,53.86,54.25,53.21,53.25,398800.0,0.0,1.0,53.86,54.25,53.21,53.25,398800.0
2013-06-25,53.33,54.08,52.57,53.52,496300.0,0.0,1.0,53.33,54.08,52.57,53.52,496300.0
2013-06-24,52.5,53.55,52.23,53.04,499200.0,0.0,1.0,52.5,53.55,52.23,53.04,499200.0
2013-06-21,52.89,53.25,52.5,53.11,620700.0,0.0,1.0,52.89,53.25,52.5,53.11,620700.0
2013-06-20,52.8,53.29,52.42,52.6,514000.0,0.0,1.0,52.8,53.29,52.42,52.6,514000.0
2013-06-19,53.86,54.33,53.19,53.45,515600.0,0.0,1.0,53.86,54.33,53.19,53.45,515600.0
2013-06-18,52.22,54.0,52.0,53.98,534500.0,0.0,1.0,52.22,54.0,52.0,53.98,534500.0
2013-06-17,51.9,52.75,51.86,52.05,515100.0,0.0,1.0,51.9,52.75,51.86,52.05,515100.0
2013-06-14,51.95,52.55,51.3,51.47,421800.0,0.0,1.0,51.95,52.55,51.3,51.47,421800.0
2013-06-13,51.25,52.33,50.9,51.97,529200.0,0.0,1.0,51.25,52.33,50.9,51.97,529200.0
2013-06-12,51.71,51.94,51.07,51.3,282700.0,0.0,1.0,51.71,51.94,51.07,51.3,282700.0
2013-06-11,51.44,51.9,50.93,51.28,349900.0,0.0,1.0,51.44,51.9,50.93,51.28,349900.0
2013-06-10,52.68,52.79,51.83,52.25,284600.0,0.0,1.0,52.68,52.79,51.83,52.25,284600.0
2013-06-07,52.0,53.01,51.77,52.65,395000.0,0.0,1.0,52.0,53.01,51.77,52.65,395000.0
2013-06-06,51.01,51.62,50.87,51.61,319400.0,0.0,1.0,51.01,51.62,50.87,51.61,319400.0
2013-06-05,51.29,51.75,50.55,51.0,370400.0,0.0,1.0,51.29,51.75,50.55,51.0,370400.0
2013-06-04,51.98,52.37,50.97,51.4,415400.0,0.0,1.0,51.98,52.37,50.97,51.4,415400.0
2013-06-03,52.32,52.32,50.77,51.94,504700.0,0.0,1.0,52.32,52.32,50.77,51.94,504700.0
2013-05-31,53.35,54.05,52.13,52.14,489200.0,0.0,1.0,53.35,54.05,52.13,52.14,489200.0
2013-05-30,53.37,54.06,53.37,53.64,685300.0,0.0,1.0,53.37,54.06,53.37,53.64,685300.0
2013-05-29,54.03,54.2,52.82,53.19,455400.0,0.0,1.0,54.03,54.2,52.82,53.19,455400.0
2013-05-28,53.67,54.6,53.41,54.34,896300.0,0.0,1.0,53.67,54.6,53.41,54.34,896300.0
2013-05-24,52.03,53.16,51.68,52.9,623500.0,0.0,1.0,52.03,53.16,51.68,52.9,623500.0
2013-05-23,51.4,52.63,50.96,52.63,823000.0,0.0,1.0,51.4,52.63,50.96,52.63,823000.0
2013-05-22,51.78,53.5,51.3,51.72,676400.0,0.0,1.0,51.78,53.5,51.3,51.72,676400.0
2013-05-21,52.22,52.78,50.41,51.72,2177400.0,0.0,1.0,52.22,52.78,50.41,51.72,2177400.0
2013-05-20,54.65,54.65,53.26,53.85,588900.0,0.0,1.0,54.65,54.65,53.26,53.85,588900.0
2013-05-17,54.98,55.56,54.32,54.66,772900.0,0.0,1.0,54.98,55.56,54.32,54.66,772900.0
2013-05-16,56.85,56.85,54.75,54.91,929300.0,0.0,1.0,56.85,56.85,54.75,54.91,929300.0
2013-05-15,57.1,57.6,56.77,56.91,570300.0,0.0,1.0,57.1,57.6,56.77,56.91,570300.0
2013-05-14,57.05,57.3,56.77,57.24,528600.0,0.0,1.0,57.05,57.3,56.77,57.24,528600.0
2013-05-13,57.64,57.65,56.6,56.96,508600.0,0.0,1.0,57.64,57.65,56.6,56.96,508600.0
2013-05-10,56.44,58.06,56.41,57.6,683700.0,0.0,1.0,56.44,58.06,56.41,57.6,683700.0
2013-05-09,56.89,57.01,55.75,56.32,720600.0,0.0,1.0,56.89,57.01,55.75,56.32,720600.0
2013-05-08,56.3,57.32,56.17,57.0,772200.0,0.0,1.0,56.3,57.32,56.17,57.0,772200.0
2013-05-07,56.57,57.12,55.93,56.36,910600.0,0.0,1.0,56.57,57.12,55.93,56.36,910600.0
2013-05-06,56.97,57.24,55.09,56.38,965600.0,0.0,1.0,56.97,57.24,55.09,56.38,965600.0
2013-05-03,59.17,59.17,56.45,57.26,1127800.0,0.0,1.0,59.17,59.17,56.45,57.26,1127800.0
2013-05-02,57.47,58.91,57.35,58.48,879200.0,0.0,1.0,57.47,58.91,57.35,58.48,879200.0
2013-05-01,58.42,59.12,56.87,57.06,706500.0,0.0,1.0,58.42,59.12,56.87,57.06,706500.0
2013-04-30,57.66,58.82,57.27,58.31,595400.0,0.0,1.0,57.66,58.82,57.27,58.31,595400.0
2013-04-29,57.74,58.55,57.04,57.66,556500.0,0.0,1.0,57.74,58.55,57.04,57.66,556500.0
2013-04-26,57.94,58.61,57.25,57.8,473500.0,0.0,1.0,57.94,58.61,57.25,57.8,473500.0
2013-04-25,57.5,58.19,57.33,57.72,467000.0,0.0,1.0,57.5,58.19,57.33,57.72,467000.0
2013-04-24,57.95,58.26,57.15,57.3,381900.0,0.0,1.0,57.95,58.26,57.15,57.3,381900.0
2013-04-23,56.94,58.1,56.91,57.72,321700.0,0.0,1.0,56.94,58.1,56.91,57.72,321700.0
2013-04-22,57.31,57.31,55.84,56.47,406300.0,0.0,1.0,57.31,57.31,55.84,56.47,406300.0
2013-04-19,57.13,57.68,56.75,57.25,336700.0,0.0,1.0,57.13,57.68,56.75,57.25,336700.0
2013-04-18,58.99,58.99,57.02,57.51,472700.0,0.0,1.0,58.99,58.99,57.02,57.51,472700.0
2013-04-17,60.33,60.35,58.5,59.21,468000.0,0.0,1.0,60.33,60.35,58.5,59.21,468000.0
2013-04-16,59.06,60.86,58.17,60.76,548600.0,0.0,1.0,59.06,60.86,58.17,60.76,548600.0
2013-04-15,61.07,61.28,57.99,58.48,1035700.0,0.0,1.0,61.07,61.28,57.99,58.48,1035700.0
2013-04-12,62.15,62.17,61.07,61.22,514200.0,0.0,1.0,62.15,62.17,61.07,61.22,514200.0
2013-04-11,61.9,62.32,61.18,62.21,474700.0,0.0,1.0,61.9,62.32,61.18,62.21,474700.0
2013-04-10,61.01,61.93,60.4,61.92,467800.0,0.0,1.0,61.01,61.93,60.4,61.92,467800.0
2013-04-09,60.44,61.48,60.21,60.87,304100.0,0.0,1.0,60.44,61.48,60.21,60.87,304100.0
2013-04-08,60.51,60.64,59.1,60.3,260200.0,0.0,1.0,60.51,60.64,59.1,60.3,260200.0
2013-04-05,60.83,61.11,60.2,60.39,332200.0,0.0,1.0,60.83,61.11,60.2,60.39,332200.0
2013-04-04,61.35,61.77,60.65,61.74,290300.0,0.0,1.0,61.35,61.77,60.65,61.74,290300.0
2013-04-03,62.5,62.61,60.94,61.36,479100.0,0.0,1.0,62.5,62.61,60.94,61.36,479100.0
2013-04-02,62.72,64.29,62.01,62.57,1368300.0,0.0,1.0,62.72,64.29,62.01,62.57,1368300.0
2013-04-01,57.77,61.0,56.45,60.21,678500.0,0.0,1.0,57.77,61.0,56.45,60.21,678500.0
2013-03-28,57.66,58.15,57.05,57.96,419600.0,0.0,1.0,57.66,58.15,57.05,57.96,419600.0
2013-03-27,56.12,58.51,56.11,57.65,372800.0,0.0,1.0,56.12,58.51,56.11,57.65,372800.0
2013-03-26,56.01,56.66,55.47,56.28,261400.0,0.0,1.0,56.01,56.66,55.47,56.28,261400.0
2013-03-25,56.25,57.13,55.53,55.72,477800.0,0.0,1.0,56.25,57.13,55.53,55.72,477800.0
2013-03-22,57.33,57.36,55.85,56.1,238400.0,0.0,1.0,57.33,57.36,55.85,56.1,238400.0
2013-03-21,57.32,57.67,56.76,57.15,201100.0,0.0,1.0,57.32,57.67,56.76,57.15,201100.0
2013-03-20,57.73,58.27,56.9,57.62,225700.0,0.0,1.0,57.73,58.27,56.9,57.62,225700.0
2013-03-19,57.25,57.8,57.05,57.4,218300.0,0.0,1.0,57.25,57.8,57.05,57.4,218300.0
2013-03-18,56.97,57.99,56.93,57.24,196100.0,0.0,1.0,56.97,57.99,56.93,57.24,196100.0
2013-03-15,57.32,57.9,56.64,57.75,545700.0,0.0,1.0,57.32,57.9,56.64,57.75,545700.0
2013-03-14,57.59,57.59,56.71,57.36,207800.0,0.0,1.0,57.59,57.59,56.71,57.36,207800.0
2013-03-13,57.53,58.16,57.07,57.59,302700.0,0.0,1.0,57.53,58.16,57.07,57.59,302700.0
2013-03-12,57.18,57.93,56.74,57.6,452400.0,0.0,1.0,57.18,57.93,56.74,57.6,452400.0
2013-03-11,58.0,58.33,56.94,57.28,415100.0,0.0,1.0,58.0,58.33,56.94,57.28,415100.0
2013-03-08,56.9,58.33,56.16,57.99,459100.0,0.0,1.0,56.9,58.33,56.16,57.99,459100.0
2013-03-07,57.03,57.3,56.17,56.63,358100.0,0.0,1.0,57.03,57.3,56.17,56.63,358100.0
2013-03-06,56.59,57.46,55.98,57.13,350800.0,0.0,1.0,56.59,57.46,55.98,57.13,350800.0
2013-03-05,55.99,56.41,55.46,56.04,563500.0,0.0,1.0,55.99,56.41,55.46,56.04,563500.0
2013-03-04,56.6,56.68,55.01,55.7,536400.0,0.0,1.0,56.6,56.68,55.01,55.7,536400.0
2013-03-01,56.79,57.18,55.69,56.8,450400.0,0.0,1.0,56.79,57.18,55.69,56.8,450400.0
2013-02-28,57.5,57.92,57.18,57.19,204600.0,0.0,1.0,57.5,57.92,57.18,57.19,204600.0
2013-02-27,56.6,57.77,56.6,57.54,353300.0,0.0,1.0,56.6,57.77,56.6,57.54,353300.0
2013-02-26,57.92,57.92,55.74,56.65,407800.0,0.0,1.0,57.92,57.92,55.74,56.65,407800.0
2013-02-25,58.68,58.73,57.68,57.71,613600.0,0.0,1.0,58.68,58.73,57.68,57.71,613600.0
2013-02-22,59.04,59.27,58.07,58.58,411900.0,0.0,1.0,59.04,59.27,58.07,58.58,411900.0
2013-02-21,58.22,58.96,57.66,58.77,579800.0,0.0,1.0,58.22,58.96,57.66,58.77,579800.0
2013-02-20,59.5,59.5,57.99,58.18,560800.0,0.0,1.0,59.5,59.5,57.99,58.18,560800.0
2013-02-19,57.92,59.6,56.99,59.37,1099800.0,0.0,1.0,57.92,59.6,56.99,59.37,1099800.0
2013-02-15,60.31,61.13,59.98,60.25,654100.0,0.0,1.0,60.31,61.13,59.98,60.25,654100.0
2013-02-14,59.6,60.65,59.46,60.09,697400.0,0.0,1.0,59.6,60.65,59.46,60.09,697400.0
2013-02-13,57.01,60.64,57.01,59.72,2242700.0,0.0,1.0,57.01,60.64,57.01,59.72,2242700.0
2013-02-12,53.29,54.94,53.07,53.95,1097900.0,0.0,1.0,53.29,54.94,53.07,53.95,1097900.0
2013-02-11,54.19,54.19,52.11,52.88,680800.0,0.0,1.0,54.19,54.19,52.11,52.88,680800.0
2013-02-08,53.67,55.15,53.31,54.36,640700.0,0.0,1.0,53.67,55.15,53.31,54.36,640700.0
2013-02-07,53.23,53.29,52.33,53.28,524500.0,0.0,1.0,53.23,53.29,52.33,53.28,524500.0
2013-02-06,52.01,53.28,52.0,53.24,480100.0,0.0,1.0,52.01,53.28,52.0,53.24,480100.0
2013-02-05,51.69,52.56,51.31,52.32,386800.0,0.0,1.0,51.69,52.56,51.31,52.32,386800.0
2013-02-04,51.3,52.48,50.77,51.57,593600.0,0.0,1.0,51.3,52.48,50.77,51.57,593600.0
2013-02-01,50.93,51.95,50.53,51.83,457000.0,0.0,1.0,50.93,51.95,50.53,51.83,457000.0
2013-01-31,50.58,51.47,50.33,50.71,372500.0,0.0,1.0,50.58,51.47,50.33,50.71,372500.0
2013-01-30,50.05,51.05,50.05,50.62,427300.0,0.0,1.0,50.05,51.05,50.05,50.62,427300.0
2013-01-29,50.37,50.67,50.12,50.59,314900.0,0.0,1.0,50.37,50.67,50.12,50.59,314900.0
2013-01-28,50.66,50.76,50.28,50.48,312000.0,0.0,1.0,50.66,50.76,50.28,50.48,312000.0
2013-01-25,50.17,50.66,49.67,50.65,322500.0,0.0,1.0,50.17,50.66,49.67,50.65,322500.0
2013-01-24,49.51,50.11,49.43,50.05,555500.0,0.0,1.0,49.51,50.11,49.43,50.05,555500.0
2013-01-23,49.45,49.82,48.62,49.56,452200.0,0.0,1.0,49.45,49.82,48.62,49.56,452200.0
2013-01-22,48.33,49.72,47.83,49.4,549700.0,0.0,1.0,48.33,49.72,47.83,49.4,549700.0
2013-01-18,47.38,48.23,47.3,48.21,547200.0,0.0,1.0,47.38,48.23,47.3,48.21,547200.0
2013-01-17,46.66,47.6,46.27,47.31,585100.0,0.0,1.0,46.66,47.6,46.27,47.31,585100.0
2013-01-16,45.66,46.82,44.75,46.31,835100.0,0.0,1.0,45.66,46.82,44.75,46.31,835100.0
2013-01-15,46.24,47.04,45.62,45.78,1500900.0,0.0,1.0,46.24,47.04,45.62,45.78,1500900.0
2013-01-14,46.2,46.78,45.6,46.55,553700.0,0.0,1.0,46.2,46.78,45.6,46.55,553700.0
2013-01-11,46.94,46.94,46.05,46.17,713900.0,0.0,1.0,46.94,46.94,46.05,46.17,713900.0
2013-01-10,47.19,47.24,46.5,46.9,657000.0,0.0,1.0,47.19,47.24,46.5,46.9,657000.0
2013-01-09,46.65,47.42,46.0,47.0,828700.0,0.0,1.0,46.65,47.42,46.0,47.0,828700.0
2013-01-08,47.5,47.77,45.89,46.43,979700.0,0.0,1.0,47.5,47.77,45.89,46.43,979700.0
2013-01-07,47.35,47.69,46.83,47.45,773900.0,0.0,1.0,47.35,47.69,46.83,47.45,773900.0
2013-01-04,47.81,48.05,47.22,47.32,1169800.0,0.0,1.0,47.81,48.05,47.22,47.32,1169800.0
2013-01-03,49.32,49.34,47.29,47.55,2133200.0,0.0,1.0,49.32,49.34,47.29,47.55,2133200.0
2013-01-02,49.86,50.12,49.05,49.4,506200.0,0.0,1.0,49.86,50.12,49.05,49.4,506200.0
2012-12-31,48.06,48.9,47.54,48.69,253900.0,0.0,1.0,48.06,48.9,47.54,48.69,253900.0
2012-12-28,48.89,49.24,47.99,48.01,253100.0,0.0,1.0,48.89,49.24,47.99,48.01,253100.0
2012-12-27,48.57,49.3,48.24,48.97,380300.0,0.0,1.0,48.57,49.3,48.24,48.97,380300.0
2012-12-26,48.57,48.95,48.42,48.51,174800.0,0.0,1.0,48.57,48.95,48.42,48.51,174800.0
2012-12-24,49.17,49.24,48.33,48.54,167800.0,0.0,1.0,49.17,49.24,48.33,48.54,167800.0
2012-12-21,49.21,49.61,48.75,49.15,734700.0,0.0,1.0,49.21,49.61,48.75,49.15,734700.0
2012-12-20,48.43,49.64,48.43,49.63,644200.0,0.0,1.0,48.43,49.64,48.43,49.63,644200.0
2012-12-19,47.49,48.62,47.04,48.45,680300.0,0.0,1.0,47.49,48.62,47.04,48.45,680300.0
2012-12-18,46.2,47.82,46.09,47.62,963100.0,0.0,1.0,46.2,47.82,46.09,47.62,963100.0
2012-12-17,46.95,47.3,46.11,46.3,955000.0,0.0,1.0,46.95,47.3,46.11,46.3,955000.0
2012-12-14,48.59,48.9,46.0,46.96,1751900.0,0.0,1.0,48.59,48.9,46.0,46.96,1751900.0
2012-12-13,51.12,51.46,50.82,50.98,359900.0,0.0,1.0,51.12,51.46,50.82,50.98,359900.0
2012-12-12,50.61,51.79,50.52,51.18,390800.0,0.0,1.0,50.61,51.79,50.52,51.18,390800.0
2012-12-11,49.96,50.5,49.67,50.43,575400.0,0.0,1.0,49.96,50.5,49.67,50.43,575400.0
2012-12-10,48.85,49.78,48.55,49.7,800300.0,0.0,1.0,48.85,49.78,48.55,49.7,800300.0
2012-12-07,47.11,49.0,47.11,48.77,787100.0,0.0,1.0,47.11,49.0,47.11,48.77,787100.0
2012-12-06,47.12,47.25,46.56,47.11,466800.0,0.0,1.0,47.12,47.25,46.56,47.11,466800.0
2012-12-05,47.26,47.51,46.62,47.18,597100.0,0.0,1.0,47.26,47.51,46.62,47.18,597100.0
2012-12-04,47.73,48.2,46.67,47.23,590500.0,0.0,1.0,47.73,48.2,46.67,47.23,590500.0
2012-12-03,48.4,48.71,47.24,47.55,583300.0,0.0,1.0,48.4,48.71,47.24,47.55,583300.0
2012-11-30,48.49,48.49,47.88,48.27,586700.0,0.0,1.0,48.49,48.49,47.88,48.27,586700.0
2012-11-29,47.88,48.57,47.39,48.33,305200.0,0.0,1.0,47.88,48.57,47.39,48.33,305200.0
2012-11-28,47.75,47.9,46.89,47.47,669300.0,0.0,1.0,47.75,47.9,46.89,47.47,669300.0
2012-11-27,48.93,49.35,47.94,47.96,509500.0,0.0,1.0,48.93,49.35,47.94,47.96,509500.0
2012-11-26,49.18,49.33,48.01,48.99,456300.0,0.0,1.0,49.18,49.33,48.01,48.99,456300.0
2012-11-23,48.53,49.4,48.04,49.37,226400.0,0.0,1.0,48.53,49.4,48.04,49.37,226400.0
2012-11-21,48.37,48.52,47.65,48.35,304600.0,0.0,1.0,48.37,48.52,47.65,48.35,304600.0
2012-11-20,48.04,48.38,47.45,48.35,533600.0,0.0,1.0,48.04,48.38,47.45,48.35,533600.0
2012-11-19,47.38,48.29,47.08,48.25,504800.0,0.0,1.0,47.38,48.29,47.08,48.25,504800.0
2012-11-16,46.57,47.22,46.38,47.07,583300.0,0.0,1.0,46.57,47.22,46.38,47.07,583300.0
2012-11-15,45.77,46.77,45.29,46.64,473300.0,0.0,1.0,45.77,46.77,45.29,46.64,473300.0
2012-11-14,46.27,46.75,45.71,45.9,513200.0,0.0,1.0,46.27,46.75,45.71,45.9,513200.0
2012-11-13,46.79,47.21,46.0,46.24,693500.0,0.0,1.0,46.79,47.21,46.0,46.24,693500.0
2012-11-12,47.09,47.77,46.68,46.83,745200.0,0.0,1.0,47.09,47.77,46.68,46.83,745200.0
2012-11-09,46.79,47.53,46.48,47.1,1452500.0,0.0,1.0,46.79,47.53,46.48,47.1,1452500.0
2012-11-08,49.92,50.0,46.9,47.0,1129500.0,0.0,1.0,49.92,50.0,46.9,47.0,1129500.0
2012-11-07,48.13,50.87,48.13,49.9,3027100.0,0.0,1.0,48.13,50.87,48.13,49.9,3027100.0
2012-11-06,48.24,48.4,47.32,47.82,980200.0,0.0,1.0,48.24,48.4,47.32,47.82,980200.0
2012-11-05,47.43,48.22,47.09,48.11,773400.0,0.0,1.0,47.43,48.22,47.09,48.11,773400.0
2012-11-02,48.39,48.65,47.53,47.55,1025800.0,0.0,1.0,48.39,48.65,47.53,47.55,1025800.0
2012-11-01,47.08,48.56,47.08,48.0,1222300.0,0.0,1.0,47.08,48.56,47.08,48.0,1222300.0
2012-10-31,51.68,52.26,47.0,47.6,3713500.0,0.0,1.0,51.68,52.26,47.0,47.6,3713500.0
2012-10-26,54.48,55.34,54.21,55.23,711400.0,0.0,1.0,54.48,55.34,54.21,55.23,711400.0
2012-10-25,53.88,54.57,53.54,54.37,353200.0,0.0,1.0,53.88,54.57,53.54,54.37,353200.0
2012-10-24,53.68,54.03,53.14,53.5,495200.0,0.0,1.0,53.68,54.03,53.14,53.5,495200.0
2012-10-23,53.34,53.47,52.6,53.12,416600.0,0.0,1.0,53.34,53.47,52.6,53.12,416600.0
2012-10-22,53.1,53.92,52.92,53.87,322600.0,0.0,1.0,53.1,53.92,52.92,53.87,322600.0
2012-10-19,52.91,53.8,52.8,53.09,393200.0,0.0,1.0,52.91,53.8,52.8,53.09,393200.0
2012-10-18,54.2,54.53,52.88,53.11,633800.0,0.0,1.0,54.2,54.53,52.88,53.11,633800.0
2012-10-17,53.85,54.62,53.29,54.15,451800.0,0.0,1.0,53.85,54.62,53.29,54.15,451800.0
2012-10-16,53.73,54.3,53.16,53.68,418200.0,0.0,1.0,53.73,54.3,53.16,53.68,418200.0
2012-10-15,53.56,54.11,52.97,54.0,369400.0,0.0,1.0,53.56,54.11,52.97,54.0,369400.0
2012-10-12,53.86,54.35,52.92,53.35,272500.0,0.0,1.0,53.86,54.35,52.92,53.35,272500.0
2012-10-11,54.04,54.09,53.36,53.75,499000.0,0.0,1.0,54.04,54.09,53.36,53.75,499000.0
2012-10-10,53.26,54.14,53.08,53.78,559100.0,0.0,1.0,53.26,54.14,53.08,53.78,559100.0
2012-10-09,55.28,55.61,53.17,53.27,713400.0,0.0,1.0,55.28,55.61,53.17,53.27,713400.0
2012-10-08,55.97,56.01,55.22,55.24,331600.0,0.0,1.0,55.97,56.01,55.22,55.24,331600.0
2012-10-05,56.18,56.88,55.55,56.03,465400.0,0.0,1.0,56.18,56.88,55.55,56.03,465400.0
2012-10-04,56.25,56.63,55.31,55.9,647800.0,0.0,1.0,56.25,56.63,55.31,55.9,647800.0
2012-10-03,56.22,56.47,55.94,56.2,447800.0,0.0,1.0,56.22,56.47,55.94,56.2,447800.0
2012-10-02,56.76,57.09,55.81,56.07,558200.0,0.0,1.0,56.76,57.09,55.81,56.07,558200.0
2012-10-01,56.69,57.21,55.72,56.49,533300.0,0.0,1.0,56.69,57.21,55.72,56.49,533300.0
2012-09-28,56.68,56.94,56.37,56.55,294000.0,0.0,1.0,56.68,56.94,56.37,56.55,294000.0
2012-09-27,56.6,57.43,56.5,57.0,415600.0,0.0,1.0,56.6,57.43,56.5,57.0,415600.0
2012-09-26,57.02,57.25,55.92,56.51,360000.0,0.0,1.0,57.02,57.25,55.92,56.51,360000.0
2012-09-25,59.02,59.3,56.88,56.9,596000.0,0.0,1.0,59.02,59.3,56.88,56.9,596000.0
2012-09-24,59.24,59.51,58.39,58.73,457600.0,0.0,1.0,59.24,59.51,58.39,58.73,457600.0
2012-09-21,59.45,59.77,58.88,59.44,569700.0,0.0,1.0,59.45,59.77,58.88,59.44,569700.0
2012-09-20,59.46,59.74,58.56,58.83,380000.0,0.0,1.0,59.46,59.74,58.56,58.83,380000.0
2012-09-19,60.65,60.86,59.81,59.87,454600.0,0.0,1.0,60.65,60.86,59.81,59.87,454600.0
2012-09-18,60.34,60.9,60.34,60.66,460200.0,0.0,1.0,60.34,60.9,60.34,60.66,460200.0
2012-09-17,59.83,61.14,59.68,60.67,428800.0,0.0,1.0,59.83,61.14,59.68,60.67,428800.0
2012-09-14,59.9,60.94,59.55,59.94,626000.0,0.0,1.0,59.9,60.94,59.55,59.94,626000.0
2012-09-13,59.69,60.43,59.21,59.73,714800.0,0.0,1.0,59.69,60.43,59.21,59.73,714800.0
2012-09-12,60.83,60.97,59.35,59.56,750600.0,0.0,1.0,60.83,60.97,59.35,59.56,750600.0
2012-09-11,60.74,61.53,60.62,60.88,972400.0,0.0,1.0,60.74,61.53,60.62,60.88,972400.0
2012-09-10,60.52,61.15,60.17,60.58,640700.0,0.0,1.0,60.52,61.15,60.17,60.58,640700.0
2012-09-07,59.75,60.59,59.75,60.3,382000.0,0.0,1.0,59.75,60.59,59.75,60.3,382000.0
2012-09-06,58.29,60.37,57.83,59.98,855100.0,0.0,1.0,58.29,60.37,57.83,59.98,855100.0
2012-09-05,57.59,58.85,57.34,58.02,611800.0,0.0,1.0,57.59,58.85,57.34,58.02,611800.0
2012-09-04,56.61,57.74,56.4,57.61,516800.0,0.0,1.0,56.61,57.74,56.4,57.61,516800.0
2012-08-31,56.81,57.0,56.26,56.69,433800.0,0.0,1.0,56.81,57.0,56.26,56.69,433800.0
2012-08-30,56.47,56.81,55.88,56.59,395100.0,0.0,1.0,56.47,56.81,55.88,56.59,395100.0
2012-08-29,56.44,57.82,56.42,56.71,743400.0,0.0,1.0,56.44,57.82,56.42,56.71,743400.0
2012-08-28,56.4,57.01,56.05,56.29,572900.0,0.0,1.0,56.4,57.01,56.05,56.29,572900.0
2012-08-27,55.81,56.63,55.22,56.42,499600.0,0.0,1.0,55.81,56.63,55.22,56.42,499600.0
2012-08-24,56.24,56.34,54.68,55.49,884300.0,0.0,1.0,56.24,56.34,54.68,55.49,884300.0
2012-08-23,56.41,56.94,56.03,56.56,554000.0,0.0,1.0,56.41,56.94,56.03,56.56,554000.0
2012-08-22,55.5,56.97,55.32,56.53,867600.0,0.0,1.0,55.5,56.97,55.32,56.53,867600.0
2012-08-21,55.16,55.51,54.99,55.47,971200.0,0.0,1.0,55.16,55.51,54.99,55.47,971200.0
2012-08-20,57.14,57.27,54.2,54.59,2406700.0,0.0,1.0,57.14,57.27,54.2,54.59,2406700.0
2012-08-17,55.26,56.51,54.91,56.45,821400.0,0.0,1.0,55.26,56.51,54.91,56.45,821400.0
2012-08-16,54.12,55.52,53.15,55.35,1220100.0,0.0,1.0,54.12,55.52,53.15,55.35,1220100.0
2012-08-15,53.05,54.4,53.02,54.19,664100.0,0.0,1.0,53.05,54.4,53.02,54.19,664100.0
2012-08-14,54.07,54.3,52.85,53.02,752500.0,0.0,1.0,54.07,54.3,52.85,53.02,752500.0
2012-08-13,55.4,55.63,53.79,53.95,1125800.0,0.0,1.0,55.4,55.63,53.79,53.95,1125800.0
2012-08-10,56.34,56.5,55.25,55.39,752200.0,0.0,1.0,56.34,56.5,55.25,55.39,752200.0
2012-08-09,57.28,57.75,56.27,56.48,947300.0,0.0,1.0,57.28,57.75,56.27,56.48,947300.0
2012-08-08,56.17,58.9,55.59,57.64,1362400.0,0.0,1.0,56.17,58.9,55.59,57.64,1362400.0
2012-08-07,54.69,57.45,53.94,57.16,2137000.0,0.0,1.0,54.69,57.45,53.94,57.16,2137000.0
2012-08-06,56.41,56.68,53.93,54.58,2531400.0,0.0,1.0,56.41,56.68,53.93,54.58,2531400.0
2012-08-03,61.67,61.94,54.57,55.12,4157600.0,0.0,1.0,61.67,61.94,54.57,55.12,4157600.0
2012-08-02,64.0,64.49,62.1,62.38,1191100.0,0.0,1.0,64.0,64.49,62.1,62.38,1191100.0
2012-08-01,65.18,66.04,63.44,63.51,1073700.0,0.0,1.0,65.18,66.04,63.44,63.51,1073700.0
2012-07-31,65.48,66.57,64.57,64.82,967300.0,0.0,1.0,65.48,66.57,64.57,64.82,967300.0
2012-07-30,66.19,67.45,66.03,67.09,737700.0,0.0,1.0,66.19,67.45,66.03,67.09,737700.0
2012-07-27,66.15,66.72,65.75,65.96,1459600.0,0.0,1.0,66.15,66.72,65.75,65.96,1459600.0
2012-07-26,67.2,67.4,65.7,66.12,615400.0,0.0,1.0,67.2,67.4,65.7,66.12,615400.0
2012-07-25,66.08,66.55,64.14,66.17,768300.0,0.0,1.0,66.08,66.55,64.14,66.17,768300.0
2012-07-24,67.15,67.18,65.86,66.53,773200.0,0.0,1.0,67.15,67.18,65.86,66.53,773200.0
2012-07-23,66.14,67.29,65.04,66.73,1187100.0,0.0,1.0,66.14,67.29,65.04,66.73,1187100.0
2012-07-20,66.91,67.7,66.64,67.41,811700.0,0.0,1.0,66.91,67.7,66.64,67.41,811700.0
2012-07-19,65.3,68.65,65.3,67.36,1426000.0,0.0,1.0,65.3,68.65,65.3,67.36,1426000.0
2012-07-18,65.22,67.9,65.22,66.96,924600.0,0.0,1.0,65.22,67.9,65.22,66.96,924600.0
2012-07-17,65.39,65.79,64.13,65.52,769900.0,0.0,1.0,65.39,65.79,64.13,65.52,769900.0
2012-07-16,65.29,65.43,64.14,64.68,1275600.0,0.0,1.0,65.29,65.43,64.14,64.68,1275600.0
2012-07-13,65.11,65.96,64.81,65.35,1578100.0,0.0,1.0,65.11,65.96,64.81,65.35,1578100.0
2012-07-12,63.59,65.38,63.19,65.02,1679600.0,0.0,1.0,63.59,65.38,63.19,65.02,1679600.0
2012-07-11,63.2,64.66,62.64,64.06,1717000.0,0.0,1.0,63.2,64.66,62.64,64.06,1717000.0
2012-07-10,62.92,63.85,62.21,63.24,1981800.0,0.0,1.0,62.92,63.85,62.21,63.24,1981800.0
2012-07-09,59.16,63.8,58.65,62.56,4142500.0,0.0,1.0,59.16,63.8,58.65,62.56,4142500.0
2012-07-06,52.77,53.31,52.0,52.83,407600.0,0.0,1.0,52.77,53.31,52.0,52.83,407600.0
2012-07-05,53.46,54.14,53.12,53.24,517400.0,0.0,1.0,53.46,54.14,53.12,53.24,517400.0
2012-07-03,52.84,53.87,52.69,53.61,403400.0,0.0,1.0,52.84,53.87,52.69,53.61,403400.0
2012-07-02,53.68,53.94,52.49,53.04,1021600.0,0.0,1.0,53.68,53.94,52.49,53.04,1021600.0
2012-06-29,55.81,56.0,52.71,53.0,1193700.0,0.0,1.0,55.81,56.0,52.71,53.0,1193700.0
2012-06-28,49.94,55.85,49.66,53.98,4216700.0,0.0,1.0,49.94,55.85,49.66,53.98,4216700.0
2012-06-27,49.75,50.77,49.51,49.61,616600.0,0.0,1.0,49.75,50.77,49.51,49.61,616600.0
2012-06-26,49.98,50.41,49.16,49.93,452700.0,0.0,1.0,49.98,50.41,49.16,49.93,452700.0
2012-06-25,51.33,51.63,49.72,49.85,675100.0,0.0,1.0,51.33,51.63,49.72,49.85,675100.0
2012-06-22,51.62,52.36,50.87,52.33,1166000.0,0.0,1.0,51.62,52.36,50.87,52.33,1166000.0
2012-06-21,52.41,53.39,51.18,51.38,713100.0,0.0,1.0,52.41,53.39,51.18,51.38,713100.0
2012-06-20,51.98,53.06,51.71,52.26,498200.0,0.0,1.0,51.98,53.06,51.71,52.26,498200.0
2012-06-19,52.95,53.15,51.95,52.14,987500.0,0.0,1.0,52.95,53.15,51.95,52.14,987500.0
2012-06-18,51.11,52.81,50.91,52.66,978600.0,0.0,1.0,51.11,52.81,50.91,52.66,978600.0
2012-06-15,50.7,52.08,50.63,51.58,1058800.0,0.0,1.0,50.7,52.08,50.63,51.58,1058800.0
2012-06-14,51.13,51.57,50.5,50.67,1077600.0,0.0,1.0,51.13,51.57,50.5,50.67,1077600.0
2012-06-13,51.33,52.16,50.95,51.06,708400.0,0.0,1.0,51.33,52.16,50.95,51.06,708400.0
2012-06-12,52.11,52.3,51.29,51.49,1053900.0,0.0,1.0,52.11,52.3,51.29,51.49,1053900.0
2012-06-11,54.21,54.22,51.55,51.62,2136600.0,0.0,1.0,54.21,54.22,51.55,51.62,2136600.0
2012-06-08,54.55,57.62,54.55,57.04,970900.0,0.0,1.0,54.55,57.62,54.55,57.04,970900.0
2012-06-07,56.89,56.89,53.62,54.51,2061000.0,0.0,1.0,56.89,56.89,53.62,54.51,2061000.0
2012-06-06,55.09,57.39,55.09,57.21,739000.0,0.0,1.0,55.09,57.39,55.09,57.21,739000.0
2012-06-05,53.6,55.2,53.57,54.92,353000.0,0.0,1.0,53.6,55.2,53.57,54.92,353000.0
2012-06-04,53.85,54.31,53.33,54.05,513600.0,0.0,1.0,53.85,54.31,53.33,54.05,513600.0
2012-06-01,55.3,56.09,53.75,53.85,701800.0,0.0,1.0,55.3,56.09,53.75,53.85,701800.0
2012-05-31,56.97,57.11,55.14,56.47,1222600.0,0.0,1.0,56.97,57.11,55.14,56.47,1222600.0
2012-05-30,56.18,57.34,55.78,56.89,610800.0,0.0,1.0,56.18,57.34,55.78,56.89,610800.0
2012-05-29,58.18,58.47,56.85,56.87,587900.0,0.0,1.0,58.18,58.47,56.85,56.87,587900.0
2012-05-25,56.61,58.12,56.34,57.61,350400.0,0.0,1.0,56.61,58.12,56.34,57.61,350400.0
2012-05-24,55.67,57.37,55.62,56.72,616300.0,0.0,1.0,55.67,57.37,55.62,56.72,616300.0
2012-05-23,55.32,55.97,54.34,55.62,475000.0,0.0,1.0,55.32,55.97,54.34,55.62,475000.0
2012-05-22,55.95,57.21,55.46,55.76,631400.0,0.0,1.0,55.95,57.21,55.46,55.76,631400.0
2012-05-21,55.49,55.82,54.2,55.6,1329400.0,0.0,1.0,55.49,55.82,54.2,55.6,1329400.0
2012-05-18,56.14,56.83,54.78,55.08,891500.0,0.0,1.0,56.14,56.83,54.78,55.08,891500.0
2012-05-17,58.15,58.42,56.41,56.51,531900.0,0.0,1.0,58.15,58.42,56.41,56.51,531900.0
2012-05-16,58.66,59.18,57.82,57.93,495400.0,0.0,1.0,58.66,59.18,57.82,57.93,495400.0
2012-05-15,58.67,59.37,58.38,58.57,652900.0,0.0,1.0,58.67,59.37,58.38,58.57,652900.0
2012-05-14,58.36,59.42,57.41,58.97,685300.0,0.0,1.0,58.36,59.42,57.41,58.97,685300.0
2012-05-11,59.64,60.35,58.84,59.06,475200.0,0.0,1.0,59.64,60.35,58.84,59.06,475200.0
2012-05-10,60.31,60.95,59.61,60.09,495500.0,0.0,1.0,60.31,60.95,59.61,60.09,495500.0
2012-05-09,59.66,60.54,59.48,59.78,696600.0,0.0,1.0,59.66,60.54,59.48,59.78,696600.0
2012-05-08,60.37,60.72,59.41,60.5,839700.0,0.0,1.0,60.37,60.72,59.41,60.5,839700.0
2012-05-07,59.24,61.0,59.19,60.99,801000.0,0.0,1.0,59.24,61.0,59.19,60.99,801000.0
2012-05-04,61.31,61.56,59.61,59.69,1011600.0,0.0,1.0,61.31,61.56,59.61,59.69,1011600.0
2012-05-03,63.07,63.65,60.28,61.99,1462700.0,0.0,1.0,63.07,63.65,60.28,61.99,1462700.0
2012-05-02,65.45,65.73,62.89,62.97,2435200.0,0.0,1.0,65.45,65.73,62.89,62.97,2435200.0
2012-05-01,61.22,62.22,60.63,60.66,1390300.0,0.0,1.0,61.22,62.22,60.63,60.66,1390300.0
2012-04-30,60.89,61.74,60.5,61.18,1678900.0,0.0,1.0,60.89,61.74,60.5,61.18,1678900.0
2012-04-27,64.45,64.79,60.59,61.35,2998500.0,0.0,1.0,64.45,64.79,60.59,61.35,2998500.0
2012-04-26,66.26,66.61,64.66,65.24,833400.0,0.0,1.0,66.26,66.61,64.66,65.24,833400.0
2012-04-25,66.7,68.18,66.67,67.03,494000.0,0.0,1.0,66.7,68.18,66.67,67.03,494000.0
2012-04-24,67.08,67.21,65.42,65.99,663200.0,0.0,1.0,67.08,67.21,65.42,65.99,663200.0
2012-04-23,67.5,68.36,66.72,67.33,483700.0,0.0,1.0,67.5,68.36,66.72,67.33,483700.0
2012-04-20,69.12,69.46,67.71,68.55,603100.0,0.0,1.0,69.12,69.46,67.71,68.55,603100.0
2012-04-19,67.51,69.4,67.2,68.35,652600.0,0.0,1.0,67.51,69.4,67.2,68.35,652600.0
2012-04-18,66.65,67.8,66.27,67.58,489600.0,0.0,1.0,66.65,67.8,66.27,67.58,489600.0
2012-04-17,66.67,67.49,66.21,66.86,665500.0,0.0,1.0,66.67,67.49,66.21,66.86,665500.0
2012-04-16,68.14,68.19,66.1,66.28,403000.0,0.0,1.0,68.14,68.19,66.1,66.28,403000.0
2012-04-13,67.67,68.02,67.03,67.74,409200.0,0.0,1.0,67.67,68.02,67.03,67.74,409200.0
2012-04-12,65.42,68.31,65.23,67.85,613100.0,0.0,1.0,65.42,68.31,65.23,67.85,613100.0
2012-04-11,66.49,67.28,64.38,65.23,1299000.0,0.0,1.0,66.49,67.28,64.38,65.23,1299000.0
2012-04-10,68.67,68.75,64.57,65.18,1743600.0,0.0,1.0,68.67,68.75,64.57,65.18,1743600.0
2012-04-09,71.98,71.98,68.54,68.78,1582800.0,0.0,1.0,71.98,71.98,68.54,68.78,1582800.0
2012-04-05,71.96,74.41,71.88,74.24,662600.0,0.0,1.0,71.96,74.41,71.88,74.24,662600.0
2012-04-04,71.76,72.51,71.26,72.36,428700.0,0.0,1.0,71.76,72.51,71.26,72.36,428700.0
2012-04-03,72.78,72.85,71.59,72.81,733200.0,0.0,1.0,72.78,72.85,71.59,72.81,733200.0
2012-04-02,71.8,73.67,71.65,72.77,760800.0,0.0,1.0,71.8,73.67,71.65,72.77,760800.0
2012-03-30,71.02,73.1,70.61,71.88,922200.0,0.0,1.0,71.02,73.1,70.61,71.88,922200.0
2012-03-29,69.36,70.91,68.63,70.58,867700.0,0.0,1.0,69.36,70.91,68.63,70.58,867700.0
2012-03-28,69.51,69.99,67.93,69.85,709500.0,0.0,1.0,69.51,69.99,67.93,69.85,709500.0
2012-03-27,69.04,70.97,68.56,69.57,986700.0,0.0,1.0,69.04,70.97,68.56,69.57,986700.0
2012-03-26,66.45,69.14,65.73,69.01,662000.0,0.0,1.0,66.45,69.14,65.73,69.01,662000.0
2012-03-23,64.99,65.59,64.47,65.42,632900.0,0.0,1.0,64.99,65.59,64.47,65.42,632900.0
2012-03-22,65.7,65.82,64.83,64.98,713200.0,0.0,1.0,65.7,65.82,64.83,64.98,713200.0
2012-03-21,67.01,67.01,65.96,66.19,534100.0,0.0,1.0,67.01,67.01,65.96,66.19,534100.0
2012-03-20,67.53,67.88,65.92,66.76,790300.0,0.0,1.0,67.53,67.88,65.92,66.76,790300.0
2012-03-19,67.95,68.73,67.23,68.22,554900.0,0.0,1.0,67.95,68.73,67.23,68.22,554900.0
2012-03-16,67.35,68.09,66.82,67.97,987800.0,0.0,1.0,67.35,68.09,66.82,67.97,987800.0
2012-03-15,67.78,67.98,66.89,67.47,452500.0,0.0,1.0,67.78,67.98,66.89,67.47,452500.0
2012-03-14,67.72,68.34,67.19,67.6,452000.0,0.0,1.0,67.72,68.34,67.19,67.6,452000.0
2012-03-13,66.96,68.13,66.69,68.05,607000.0,0.0,1.0,66.96,68.13,66.69,68.05,607000.0
2012-03-12,67.48,67.72,66.0,66.42,496100.0,0.0,1.0,67.48,67.72,66.0,66.42,496100.0
2012-03-09,67.02,68.25,66.75,67.81,788800.0,0.0,1.0,67.02,68.25,66.75,67.81,788800.0
2012-03-08,66.0,67.55,65.74,67.04,483000.0,0.0,1.0,66.0,67.55,65.74,67.04,483000.0
2012-03-07,65.13,66.4,64.91,65.8,354100.0,0.0,1.0,65.13,66.4,64.91,65.8,354100.0
2012-03-06,66.25,66.56,64.57,65.13,533900.0,0.0,1.0,66.25,66.56,64.57,65.13,533900.0
2012-03-05,66.6,67.38,66.33,66.97,625700.0,0.0,1.0,66.6,67.38,66.33,66.97,625700.0
2012-03-02,68.1,68.64,66.01,66.6,773100.0,0.0,1.0,68.1,68.64,66.01,66.6,773100.0
2012-03-01,68.14,68.32,67.27,68.07,717800.0,0.0,1.0,68.14,68.32,67.27,68.07,717800.0
2012-02-29,68.2,68.68,67.26,67.86,670400.0,0.0,1.0,68.2,68.68,67.26,67.86,670400.0
2012-02-28,68.89,69.32,67.98,68.09,629000.0,0.0,1.0,68.89,69.32,67.98,68.09,629000.0
2012-02-27,70.19,70.19,68.82,68.87,855300.0,0.0,1.0,70.19,70.19,68.82,68.87,855300.0
2012-02-24,68.05,71.22,67.44,71.1,1169900.0,0.0,1.0,68.05,71.22,67.44,71.1,1169900.0
2012-02-23,67.8,68.16,66.7,67.11,1270100.0,0.0,1.0,67.8,68.16,66.7,67.11,1270100.0
2012-02-22,68.86,69.83,67.68,68.0,967300.0,0.0,1.0,68.86,69.83,67.68,68.0,967300.0
2012-02-21,70.02,70.35,68.75,69.14,844000.0,0.0,1.0,70.02,70.35,68.75,69.14,844000.0
2012-02-17,67.91,70.0,67.02,69.53,1018300.0,0.0,1.0,67.91,70.0,67.02,69.53,1018300.0
2012-02-16,68.73,69.24,67.52,68.06,1268100.0,0.0,1.0,68.73,69.24,67.52,68.06,1268100.0
2012-02-15,69.3,71.54,68.15,68.74,2372100.0,0.0,1.0,69.3,71.54,68.15,68.74,2372100.0
2012-02-14,63.03,63.59,61.65,62.96,701500.0,0.0,1.0,63.03,63.59,61.65,62.96,701500.0
2012-02-13,61.42,64.0,61.42,63.24,518700.0,0.0,1.0,61.42,64.0,61.42,63.24,518700.0
2012-02-10,60.88,61.74,60.66,60.83,419500.0,0.0,1.0,60.88,61.74,60.66,60.83,419500.0
2012-02-09,61.85,62.26,61.07,61.64,617400.0,0.0,1.0,61.85,62.26,61.07,61.64,617400.0
2012-02-08,60.9,62.04,60.88,61.47,544000.0,0.0,1.0,60.9,62.04,60.88,61.47,544000.0
2012-02-07,60.0,61.22,59.77,61.21,410200.0,0.0,1.0,60.0,61.22,59.77,61.21,410200.0
2012-02-06,60.45,60.73,59.03,59.96,323400.0,0.0,1.0,60.45,60.73,59.03,59.96,323400.0
2012-02-03,62.02,62.43,60.12,60.55,494800.0,0.0,1.0,62.02,62.43,60.12,60.55,494800.0
2012-02-02,61.96,61.99,61.12,61.25,642400.0,0.0,1.0,61.96,61.99,61.12,61.25,642400.0
2012-02-01,60.28,62.8,60.2,61.96,972500.0,0.0,1.0,60.28,62.8,60.2,61.96,972500.0
2012-01-31,58.83,59.92,58.81,59.76,564400.0,0.0,1.0,58.83,59.92,58.81,59.76,564400.0
2012-01-30,57.7,58.71,57.31,58.4,321300.0,0.0,1.0,57.7,58.71,57.31,58.4,321300.0
2012-01-27,56.18,58.94,56.13,58.32,410700.0,0.0,1.0,56.18,58.94,56.13,58.32,410700.0
2012-01-26,58.23,58.24,55.38,56.26,753000.0,0.0,1.0,58.23,58.24,55.38,56.26,753000.0
2012-01-25,58.18,58.72,57.16,57.77,518300.0,0.0,1.0,58.18,58.72,57.16,57.77,518300.0
2012-01-24,57.38,58.52,56.68,58.4,486000.0,0.0,1.0,57.38,58.52,56.68,58.4,486000.0
2012-01-23,58.53,59.36,57.18,57.66,409800.0,0.0,1.0,58.53,59.36,57.18,57.66,409800.0
2012-01-20,59.42,59.89,58.34,58.7,507400.0,0.0,1.0,59.42,59.89,58.34,58.7,507400.0
2012-01-19,58.33,58.96,57.83,58.5,307900.0,0.0,1.0,58.33,58.96,57.83,58.5,307900.0
2012-01-18,58.26,59.07,57.94,58.57,465300.0,0.0,1.0,58.26,59.07,57.94,58.57,465300.0
2012-01-17,58.27,58.7,57.76,58.42,322200.0,0.0,1.0,58.27,58.7,57.76,58.42,322200.0
2012-01-13,56.76,57.49,56.43,57.36,306700.0,0.0,1.0,56.76,57.49,56.43,57.36,306700.0
2012-01-12,56.33,58.0,56.33,57.17,336700.0,0.0,1.0,56.33,58.0,56.33,57.17,336700.0
2012-01-11,57.68,58.9,56.98,57.85,471900.0,0.0,1.0,57.68,58.9,56.98,57.85,471900.0
2012-01-10,57.73,58.02,56.97,57.99,596900.0,0.0,1.0,57.73,58.02,56.97,57.99,596900.0
2012-01-09,55.45,57.06,55.16,57.0,803200.0,0.0,1.0,55.45,57.06,55.16,57.0,803200.0
2012-01-06,53.34,55.47,52.96,55.45,800400.0,0.0,1.0,53.34,55.47,52.96,55.45,800400.0
2012-01-05,52.29,53.7,51.74,53.32,392800.0,0.0,1.0,52.29,53.7,51.74,53.32,392800.0
2012-01-04,52.5,52.69,51.83,52.38,462700.0,0.0,1.0,52.5,52.69,51.83,52.38,462700.0
2012-01-03,53.94,54.15,52.32,52.61,532800.0,0.0,1.0,53.94,54.15,52.32,52.61,532800.0
2011-12-30,52.96,53.27,52.38,52.5,300500.0,0.0,1.0,52.96,53.27,52.38,52.5,300500.0
2011-12-29,52.88,53.38,52.68,53.14,264300.0,0.0,1.0,52.88,53.38,52.68,53.14,264300.0
2011-12-28,54.38,54.94,52.71,52.77,230700.0,0.0,1.0,54.38,54.94,52.71,52.77,230700.0
2011-12-27,54.31,55.31,54.31,54.67,291500.0,0.0,1.0,54.31,55.31,54.31,54.67,291500.0
2011-12-23,54.56,55.07,54.36,54.75,193000.0,0.0,1.0,54.56,55.07,54.36,54.75,193000.0
2011-12-22,54.27,55.04,54.03,54.5,284500.0,0.0,1.0,54.27,55.04,54.03,54.5,284500.0
2011-12-21,53.6,54.21,53.0,53.86,559600.0,0.0,1.0,53.6,54.21,53.0,53.86,559600.0
2011-12-20,52.81,54.36,51.88,54.22,522600.0,0.0,1.0,52.81,54.36,51.88,54.22,522600.0
2011-12-19,52.01,53.4,51.57,51.74,506500.0,0.0,1.0,52.01,53.4,51.57,51.74,506500.0
2011-12-16,51.78,52.89,51.32,51.61,807300.0,0.0,1.0,51.78,52.89,51.32,51.61,807300.0
2011-12-15,51.93,52.14,50.57,51.6,634300.0,0.0,1.0,51.93,52.14,50.57,51.6,634300.0
2011-12-14,52.7,53.0,51.13,51.24,706900.0,0.0,1.0,52.7,53.0,51.13,51.24,706900.0
2011-12-13,55.58,56.14,52.88,53.19,540700.0,0.0,1.0,55.58,56.14,52.88,53.19,540700.0
2011-12-12,55.24,55.75,54.5,55.1,729700.0,0.0,1.0,55.24,55.75,54.5,55.1,729700.0
2011-12-09,55.16,56.59,54.66,56.18,634700.0,0.0,1.0,55.16,56.59,54.66,56.18,634700.0
2011-12-08,55.93,56.45,54.85,54.96,742100.0,0.0,1.0,55.93,56.45,54.85,54.96,742100.0
2011-12-07,56.42,56.47,55.5,56.06,744700.0,0.0,1.0,56.42,56.47,55.5,56.06,744700.0
2011-12-06,57.61,57.61,56.32,56.91,550600.0,0.0,1.0,57.61,57.61,56.32,56.91,550600.0
2011-12-05,58.73,58.83,57.1,57.46,707800.0,0.0,1.0,58.73,58.83,57.1,57.46,707800.0
2011-12-02,58.44,58.66,57.22,57.84,514500.0,0.0,1.0,58.44,58.66,57.22,57.84,514500.0
2011-12-01,58.19,59.05,57.59,57.65,612100.0,0.0,1.0,58.19,59.05,57.59,57.65,612100.0
2011-11-30,58.98,58.98,57.03,58.45,953200.0,0.0,1.0,58.98,58.98,57.03,58.45,953200.0
2011-11-29,56.49,57.28,56.18,56.7,441000.0,0.0,1.0,56.49,57.28,56.18,56.7,441000.0
2011-11-28,54.71,56.82,54.31,56.55,650400.0,0.0,1.0,54.71,56.82,54.31,56.55,650400.0
2011-11-25,53.11,54.15,52.61,52.61,138600.0,0.0,1.0,53.11,54.15,52.61,52.61,138600.0
2011-11-23,54.58,54.58,53.28,53.37,538800.0,0.0,1.0,54.58,54.58,53.28,53.37,538800.0
2011-11-22,53.89,55.6,53.68,55.06,813800.0,0.0,1.0,53.89,55.6,53.68,55.06,813800.0
2011-11-21,53.16,54.43,53.16,54.1,370600.0,0.0,1.0,53.16,54.43,53.16,54.1,370600.0
2011-11-18,53.6,54.42,52.95,54.31,269600.0,0.0,1.0,53.6,54.42,52.95,54.31,269600.0
2011-11-17,53.89,55.28,53.12,53.56,425500.0,0.0,1.0,53.89,55.28,53.12,53.56,425500.0
2011-11-16,55.09,55.43,53.7,53.86,298900.0,0.0,1.0,55.09,55.43,53.7,53.86,298900.0
2011-11-15,55.5,56.3,54.19,55.92,359700.0,0.0,1.0,55.5,56.3,54.19,55.92,359700.0
2011-11-14,54.89,55.9,54.58,55.6,472400.0,0.0,1.0,54.89,55.9,54.58,55.6,472400.0
2011-11-11,54.59,55.41,54.49,54.99,496000.0,0.0,1.0,54.59,55.41,54.49,54.99,496000.0
2011-11-10,54.2,54.21,52.82,53.85,671600.0,0.0,1.0,54.2,54.21,52.82,53.85,671600.0
2011-11-09,53.26,54.25,53.13,53.36,777800.0,0.0,1.0,53.26,54.25,53.13,53.36,777800.0
2011-11-08,55.86,56.24,53.35,54.9,801700.0,0.0,1.0,55.86,56.24,53.35,54.9,801700.0
2011-11-07,54.55,55.64,53.38,55.45,619800.0,0.0,1.0,54.55,55.64,53.38,55.45,619800.0
2011-11-04,53.31,55.2,53.15,54.89,448500.0,0.0,1.0,53.31,55.2,53.15,54.89,448500.0
2011-11-03,53.35,54.1,51.91,53.79,1279600.0,0.0,1.0,53.35,54.1,51.91,53.79,1279600.0
2011-11-02,50.13,53.68,49.5,52.94,1873800.0,0.0,1.0,50.13,53.68,49.5,52.94,1873800.0
2011-11-01,47.06,48.4,46.38,47.63,695000.0,0.0,1.0,47.06,48.4,46.38,47.63,695000.0
2011-10-31,49.42,49.99,48.99,49.01,648100.0,0.0,1.0,49.42,49.99,48.99,49.01,648100.0
2011-10-28,49.54,50.48,49.34,49.39,570700.0,0.0,1.0,49.54,50.48,49.34,49.39,570700.0
2011-10-27,50.08,50.3,48.9,49.7,698700.0,0.0,1.0,50.08,50.3,48.9,49.7,698700.0
2011-10-26,47.61,48.75,46.41,48.28,641600.0,0.0,1.0,47.61,48.75,46.41,48.28,641600.0
2011-10-25,45.16,47.5,44.75,46.84,774200.0,0.0,1.0,45.16,47.5,44.75,46.84,774200.0
2011-10-24,44.36,45.99,44.2,45.79,704400.0,0.0,1.0,44.36,45.99,44.2,45.79,704400.0
2011-10-21,41.29,42.32,41.13,42.09,313500.0,0.0,1.0,41.29,42.32,41.13,42.09,313500.0
2011-10-20,40.39,40.81,39.34,40.53,289600.0,0.0,1.0,40.39,40.81,39.34,40.53,289600.0
2011-10-19,41.06,42.05,40.03,40.2,474400.0,0.0,1.0,41.06,42.05,40.03,40.2,474400.0
2011-10-18,39.52,41.5,38.39,41.23,655700.0,0.0,1.0,39.52,41.5,38.39,41.23,655700.0
2011-10-17,41.71,41.71,39.46,39.64,423200.0,0.0,1.0,41.71,41.71,39.46,39.64,423200.0
2011-10-14,40.93,41.88,40.58,41.75,269900.0,0.0,1.0,40.93,41.88,40.58,41.75,269900.0
2011-10-13,40.24,40.41,39.38,40.15,430000.0,0.0,1.0,40.24,40.41,39.38,40.15,430000.0
2011-10-12,40.84,41.67,40.25,40.45,467300.0,0.0,1.0,40.84,41.67,40.25,40.45,467300.0
2011-10-11,39.77,40.52,39.5,40.23,321100.0,0.0,1.0,39.77,40.52,39.5,40.23,321100.0
2011-10-10,39.39,40.55,39.1,40.26,389700.0,0.0,1.0,39.39,40.55,39.1,40.26,389700.0
2011-10-07,39.15,39.25,37.9,38.39,503800.0,0.0,1.0,39.15,39.25,37.9,38.39,503800.0
2011-10-06,37.57,39.03,37.43,38.99,447800.0,0.0,1.0,37.57,39.03,37.43,38.99,447800.0
2011-10-05,35.65,38.18,35.19,37.61,848800.0,0.0,1.0,35.65,38.18,35.19,37.61,848800.0
2011-10-04,35.02,35.6,33.29,35.45,975200.0,0.0,1.0,35.02,35.6,33.29,35.45,975200.0
2011-10-03,37.63,38.11,35.13,35.46,796600.0,0.0,1.0,37.63,38.11,35.13,35.46,796600.0
2011-09-30,38.21,39.62,37.9,37.98,540500.0,0.0,1.0,38.21,39.62,37.9,37.98,540500.0
2011-09-29,40.34,40.35,37.52,38.89,542200.0,0.0,1.0,40.34,40.35,37.52,38.89,542200.0
2011-09-28,42.23,42.43,39.26,39.27,608900.0,0.0,1.0,42.23,42.43,39.26,39.27,608900.0
2011-09-27,41.28,43.13,40.63,42.16,762000.0,0.0,1.0,41.28,43.13,40.63,42.16,762000.0
2011-09-26,40.98,40.98,38.95,40.28,746700.0,0.0,1.0,40.98,40.98,38.95,40.28,746700.0
2011-09-23,38.3,40.36,37.93,40.27,847300.0,0.0,1.0,38.3,40.36,37.93,40.27,847300.0
2011-09-22,39.18,40.8,37.95,38.47,1067200.0,0.0,1.0,39.18,40.8,37.95,38.47,1067200.0
2011-09-21,43.34,43.67,40.79,40.86,604900.0,0.0,1.0,43.34,43.67,40.79,40.86,604900.0
2011-09-20,44.88,45.45,43.29,43.31,482400.0,0.0,1.0,44.88,45.45,43.29,43.31,482400.0
2011-09-19,44.19,45.0,43.68,44.6,564000.0,0.0,1.0,44.19,45.0,43.68,44.6,564000.0
2011-09-16,43.86,45.24,42.5,45.23,991300.0,0.0,1.0,43.86,45.24,42.5,45.23,991300.0
2011-09-15,44.26,44.34,42.5,44.31,580600.0,0.0,1.0,44.26,44.34,42.5,44.31,580600.0
2011-09-14,43.36,44.75,41.57,43.8,950000.0,0.0,1.0,43.36,44.75,41.57,43.8,950000.0
2011-09-13,42.87,43.5,41.83,42.91,755200.0,0.0,1.0,42.87,43.5,41.83,42.91,755200.0
2011-09-12,41.12,42.55,40.95,42.48,701000.0,0.0,1.0,41.12,42.55,40.95,42.48,701000.0
2011-09-09,43.68,44.31,42.08,42.41,543200.0,0.0,1.0,43.68,44.31,42.08,42.41,543200.0
2011-09-08,45.44,46.02,43.96,44.16,739000.0,0.0,1.0,45.44,46.02,43.96,44.16,739000.0
2011-09-07,44.93,46.42,44.67,45.91,482900.0,0.0,1.0,44.93,46.42,44.67,45.91,482900.0
2011-09-06,41.63,44.08,41.3,43.95,501500.0,0.0,1.0,41.63,44.08,41.3,43.95,501500.0
2011-09-02,43.43,45.11,43.25,43.43,564200.0,0.0,1.0,43.43,45.11,43.25,43.43,564200.0
2011-09-01,46.23,47.61,44.5,44.67,749500.0,0.0,1.0,46.23,47.61,44.5,44.67,749500.0
2011-08-31,46.72,47.69,45.35,45.83,461600.0,0.0,1.0,46.72,47.69,45.35,45.83,461600.0
2011-08-30,46.03,46.91,44.98,46.55,480600.0,0.0,1.0,46.03,46.91,44.98,46.55,480600.0
2011-08-29,44.62,46.07,44.28,46.03,496100.0,0.0,1.0,44.62,46.07,44.28,46.03,496100.0
2011-08-26,41.56,44.03,40.54,43.98,437600.0,0.0,1.0,41.56,44.03,40.54,43.98,437600.0
2011-08-25,43.87,44.39,41.86,42.01,458200.0,0.0,1.0,43.87,44.39,41.86,42.01,458200.0
2011-08-24,42.93,43.91,42.2,43.52,394400.0,0.0,1.0,42.93,43.91,42.2,43.52,394400.0
2011-08-23,40.33,43.05,39.62,43.03,845600.0,0.0,1.0,40.33,43.05,39.62,43.03,845600.0
2011-08-22,41.32,41.88,39.58,40.08,719600.0,0.0,1.0,41.32,41.88,39.58,40.08,719600.0
2011-08-19,40.19,42.19,39.89,40.49,639700.0,0.0,1.0,40.19,42.19,39.89,40.49,639700.0
2011-08-18,41.78,41.78,40.19,41.32,950000.0,0.0,1.0,41.78,41.78,40.19,41.32,950000.0
2011-08-17,43.56,44.05,42.68,43.42,432800.0,0.0,1.0,43.56,44.05,42.68,43.42,432800.0
2011-08-16,43.25,43.78,42.63,43.23,535000.0,0.0,1.0,43.25,43.78,42.63,43.23,535000.0
2011-08-15,43.37,44.29,42.96,43.93,691500.0,0.0,1.0,43.37,44.29,42.96,43.93,691500.0
2011-08-12,42.45,43.31,41.84,42.67,612800.0,0.0,1.0,42.45,43.31,41.84,42.67,612800.0
2011-08-11,39.86,42.7,39.86,41.98,1258000.0,0.0,1.0,39.86,42.7,39.86,41.98,1258000.0
2011-08-10,38.91,41.17,37.88,39.55,2138400.0,0.0,1.0,38.91,41.17,37.88,39.55,2138400.0
2011-08-09,36.38,40.51,35.89,40.22,2468700.0,0.0,1.0,36.38,40.51,35.89,40.22,2468700.0
2011-08-08,37.26,38.85,35.27,35.28,2258300.0,0.0,1.0,37.26,38.85,35.27,35.28,2258300.0
2011-08-05,39.67,40.29,37.4,38.65,1753400.0,0.0,1.0,39.67,40.29,37.4,38.65,1753400.0
2011-08-04,41.62,41.7,38.84,38.88,1565700.0,0.0,1.0,41.62,41.7,38.84,38.88,1565700.0
2011-08-03,43.56,43.56,39.28,42.48,2183000.0,0.0,1.0,43.56,43.56,39.28,42.48,2183000.0
2011-08-02,41.69,43.1,40.38,40.5,1537000.0,0.0,1.0,41.69,43.1,40.38,40.5,1537000.0
2011-08-01,44.48,45.47,40.43,42.1,2118300.0,0.0,1.0,44.48,45.47,40.43,42.1,2118300.0
2011-07-29,43.87,44.76,38.51,43.85,3212600.0,0.0,1.0,43.87,44.76,38.51,43.85,3212600.0
2011-07-28,47.89,49.56,47.09,47.89,705300.0,0.0,1.0,47.89,49.56,47.09,47.89,705300.0
2011-07-27,50.76,51.3,47.68,47.87,766500.0,0.0,1.0,50.76,51.3,47.68,47.87,766500.0
2011-07-26,52.45,52.96,50.83,51.08,702100.0,0.0,1.0,52.45,52.96,50.83,51.08,702100.0
2011-07-25,54.61,55.2,52.3,52.45,720400.0,0.0,1.0,54.61,55.2,52.3,52.45,720400.0
2011-07-22,54.48,55.4,54.07,55.31,716400.0,0.0,1.0,54.48,55.4,54.07,55.31,716400.0
2011-07-21,53.37,55.65,53.2,54.5,972700.0,0.0,1.0,53.37,55.65,53.2,54.5,972700.0
2011-07-20,52.7,53.2,51.58,53.07,405200.0,0.0,1.0,52.7,53.2,51.58,53.07,405200.0
2011-07-19,51.97,52.72,51.62,52.55,360500.0,0.0,1.0,51.97,52.72,51.62,52.55,360500.0
2011-07-18,52.43,52.71,50.65,51.65,526600.0,0.0,1.0,52.43,52.71,50.65,51.65,526600.0
2011-07-15,53.05,53.48,52.2,52.73,361100.0,0.0,1.0,53.05,53.48,52.2,52.73,361100.0
2011-07-14,53.72,54.27,52.5,52.68,437800.0,0.0,1.0,53.72,54.27,52.5,52.68,437800.0
2011-07-13,52.42,54.15,52.17,53.45,538900.0,0.0,1.0,52.42,54.15,52.17,53.45,538900.0
2011-07-12,51.8,52.95,51.56,51.94,374600.0,0.0,1.0,51.8,52.95,51.56,51.94,374600.0
2011-07-11,53.92,54.11,51.85,52.02,503900.0,0.0,1.0,53.92,54.11,51.85,52.02,503900.0
2011-07-08,54.18,54.82,53.4,54.72,499700.0,0.0,1.0,54.18,54.82,53.4,54.72,499700.0
2011-07-07,53.85,55.75,51.94,54.96,1556800.0,0.0,1.0,53.85,55.75,51.94,54.96,1556800.0
2011-07-06,54.0,54.15,52.45,53.39,812600.0,0.0,1.0,54.0,54.15,52.45,53.39,812600.0
2011-07-05,53.59,54.61,53.02,54.03,474700.0,0.0,1.0,53.59,54.61,53.02,54.03,474700.0
2011-07-01,51.56,53.64,51.4,53.48,772100.0,0.0,1.0,51.56,53.64,51.4,53.48,772100.0
2011-06-30,52.18,52.78,51.41,51.41,488500.0,0.0,1.0,52.18,52.78,51.41,51.41,488500.0
2011-06-29,51.86,52.51,51.27,51.91,449000.0,0.0,1.0,51.86,52.51,51.27,51.91,449000.0
2011-06-28,50.11,51.78,49.93,51.56,443400.0,0.0,1.0,50.11,51.78,49.93,51.56,443400.0
2011-06-27,49.23,50.32,48.22,50.1,474900.0,0.0,1.0,49.23,50.32,48.22,50.1,474900.0
2011-06-24,50.04,50.16,48.65,49.08,957700.0,0.0,1.0,50.04,50.16,48.65,49.08,957700.0
2011-06-23,49.22,50.03,47.79,49.9,529100.0,0.0,1.0,49.22,50.03,47.79,49.9,529100.0
2011-06-22,50.38,51.22,49.9,50.03,482500.0,0.0,1.0,50.38,51.22,49.9,50.03,482500.0
2011-06-21,49.84,50.69,49.53,50.5,518000.0,0.0,1.0,49.84,50.69,49.53,50.5,518000.0
2011-06-20,47.87,49.56,47.8,49.33,362600.0,0.0,1.0,47.87,49.56,47.8,49.33,362600.0
2011-06-17,49.09,49.58,47.85,47.98,685500.0,0.0,1.0,49.09,49.58,47.85,47.98,685500.0
2011-06-16,48.88,49.87,47.86,48.62,419400.0,0.0,1.0,48.88,49.87,47.86,48.62,419400.0
2011-06-15,50.18,50.71,48.48,48.75,522500.0,0.0,1.0,50.18,50.71,48.48,48.75,522500.0
2011-06-14,49.21,51.1,48.78,50.75,591900.0,0.0,1.0,49.21,51.1,48.78,50.75,591900.0
2011-06-13,48.57,49.29,48.12,48.46,333800.0,0.0,1.0,48.57,49.29,48.12,48.46,333800.0
2011-06-10,49.5,49.8,48.29,48.5,762900.0,0.0,1.0,49.5,49.8,48.29,48.5,762900.0
2011-06-09,48.45,50.03,48.35,49.64,728300.0,0.0,1.0,48.45,50.03,48.35,49.64,728300.0
2011-06-08,47.93,48.51,47.75,48.34,715500.0,0.0,1.0,47.93,48.51,47.75,48.34,715500.0
2011-06-07,48.3,48.76,47.67,48.01,541800.0,0.0,1.0,48.3,48.76,47.67,48.01,541800.0
2011-06-06,49.64,49.64,47.76,47.88,478400.0,0.0,1.0,49.64,49.64,47.76,47.88,478400.0
2011-06-03,49.54,50.7,49.1,49.67,618300.0,0.0,1.0,49.54,50.7,49.1,49.67,618300.0
2011-06-02,49.77,50.54,49.49,50.2,435100.0,0.0,1.0,49.77,50.54,49.49,50.2,435100.0
2011-06-01,49.04,50.77,49.04,49.81,779800.0,0.0,1.0,49.04,50.77,49.04,49.81,779800.0
2011-05-31,50.03,50.17,48.95,49.25,668700.0,0.0,1.0,50.03,50.17,48.95,49.25,668700.0
2011-05-27,49.49,50.26,49.12,49.5,331400.0,0.0,1.0,49.49,50.26,49.12,49.5,331400.0
2011-05-26,48.06,49.45,47.66,49.41,370700.0,0.0,1.0,48.06,49.45,47.66,49.41,370700.0
2011-05-25,47.94,48.45,47.56,48.26,452600.0,0.0,1.0,47.94,48.45,47.56,48.26,452600.0
2011-05-24,49.1,49.26,47.75,47.94,476700.0,0.0,1.0,49.1,49.26,47.75,47.94,476700.0
2011-05-23,48.5,49.14,48.18,48.88,466400.0,0.0,1.0,48.5,49.14,48.18,48.88,466400.0
2011-05-20,49.89,50.24,49.25,49.44,491600.0,0.0,1.0,49.89,50.24,49.25,49.44,491600.0
2011-05-19,50.88,51.32,49.95,50.15,532400.0,0.0,1.0,50.88,51.32,49.95,50.15,532400.0
2011-05-18,49.73,51.06,49.45,50.66,609200.0,0.0,1.0,49.73,51.06,49.45,50.66,609200.0
2011-05-17,50.52,50.62,49.32,49.62,497700.0,0.0,1.0,50.52,50.62,49.32,49.62,497700.0
2011-05-16,49.92,51.66,49.54,50.8,689200.0,0.0,1.0,49.92,51.66,49.54,50.8,689200.0
2011-05-13,50.18,50.67,49.36,50.18,530200.0,0.0,1.0,50.18,50.67,49.36,50.18,530200.0
2011-05-12,49.13,50.32,48.26,50.15,862000.0,0.0,1.0,49.13,50.32,48.26,50.15,862000.0
2011-05-11,49.58,49.87,48.16,49.5,551800.0,0.0,1.0,49.58,49.87,48.16,49.5,551800.0
2011-05-10,48.49,50.11,48.49,49.7,626800.0,0.0,1.0,48.49,50.11,48.49,49.7,626800.0
2011-05-09,46.94,48.69,46.73,48.29,933200.0,0.0,1.0,46.94,48.69,46.73,48.29,933200.0
2011-05-06,46.13,47.92,44.77,47.33,1799500.0,0.0,1.0,46.13,47.92,44.77,47.33,1799500.0
2011-05-05,42.15,43.56,41.81,42.44,733100.0,0.0,1.0,42.15,43.56,41.81,42.44,733100.0
2011-05-04,43.7,43.7,42.22,42.26,647000.0,0.0,1.0,43.7,43.7,42.22,42.26,647000.0
2011-05-03,43.7,44.1,43.21,43.73,545300.0,0.0,1.0,43.7,44.1,43.21,43.73,545300.0
2011-05-02,44.08,44.73,43.68,43.7,596500.0,0.0,1.0,44.08,44.73,43.68,43.7,596500.0
2011-04-29,43.98,44.14,43.64,43.81,418000.0,0.0,1.0,43.98,44.14,43.64,43.81,418000.0
2011-04-28,42.87,43.84,42.87,43.7,332000.0,0.0,1.0,42.87,43.84,42.87,43.7,332000.0
2011-04-27,42.5,42.87,42.2,42.83,539200.0,0.0,1.0,42.5,42.87,42.2,42.83,539200.0
2011-04-26,42.36,43.38,42.25,42.32,496300.0,0.0,1.0,42.36,43.38,42.25,42.32,496300.0
2011-04-25,41.96,42.71,41.84,42.12,564700.0,0.0,1.0,41.96,42.71,41.84,42.12,564700.0
2011-04-21,39.91,42.59,39.91,41.93,489700.0,0.0,1.0,39.91,42.59,39.91,41.93,489700.0
2011-04-20,41.01,41.47,40.93,41.37,938700.0,0.0,1.0,41.01,41.47,40.93,41.37,938700.0
2011-04-19,40.43,40.74,39.42,40.25,904500.0,0.0,1.0,40.43,40.74,39.42,40.25,904500.0
2011-04-18,41.68,41.68,40.11,40.19,627100.0,0.0,1.0,41.68,41.68,40.11,40.19,627100.0
2011-04-15,41.58,42.17,41.34,41.89,316200.0,0.0,1.0,41.58,42.17,41.34,41.89,316200.0
2011-04-14,41.92,41.95,41.28,41.61,454600.0,0.0,1.0,41.92,41.95,41.28,41.61,454600.0
2011-04-13,42.12,42.51,41.68,42.2,384600.0,0.0,1.0,42.12,42.51,41.68,42.2,384600.0
2011-04-12,42.0,42.4,41.66,41.79,375000.0,0.0,1.0,42.0,42.4,41.66,41.79,375000.0
2011-04-11,43.09,43.23,42.09,42.2,339400.0,0.0,1.0,43.09,43.23,42.09,42.2,339400.0
2011-04-08,43.9,43.95,42.5,42.97,321600.0,0.0,1.0,43.9,43.95,42.5,42.97,321600.0
2011-04-07,42.82,44.55,42.71,43.62,622200.0,0.0,1.0,42.82,44.55,42.71,43.62,622200.0
2011-04-06,43.35,43.42,42.23,42.72,329600.0,0.0,1.0,43.35,43.42,42.23,42.72,329600.0
2011-04-05,43.07,43.38,42.66,42.96,256900.0,0.0,1.0,43.07,43.38,42.66,42.96,256900.0
2011-04-04,43.38,43.73,42.75,43.09,301000.0,0.0,1.0,43.38,43.73,42.75,43.09,301000.0
2011-04-01,42.0,43.8,41.93,43.22,834400.0,0.0,1.0,42.0,43.8,41.93,43.22,834400.0
2011-03-31,41.54,41.99,41.4,41.95,264800.0,0.0,1.0,41.54,41.99,41.4,41.95,264800.0
2011-03-30,40.64,41.51,40.61,41.44,214600.0,0.0,1.0,40.64,41.51,40.61,41.44,214600.0
2011-03-29,40.47,40.89,40.19,40.53,252000.0,0.0,1.0,40.47,40.89,40.19,40.53,252000.0
2011-03-28,41.02,41.46,40.29,40.39,405300.0,0.0,1.0,41.02,41.46,40.29,40.39,405300.0
2011-03-25,39.95,41.04,39.55,40.93,483300.0,0.0,1.0,39.95,41.04,39.55,40.93,483300.0
2011-03-24,39.18,39.8,38.94,39.77,298800.0,0.0,1.0,39.18,39.8,38.94,39.77,298800.0
2011-03-23,39.07,39.17,38.3,39.09,496800.0,0.0,1.0,39.07,39.17,38.3,39.09,496800.0
2011-03-22,39.49,39.83,39.14,39.27,651100.0,0.0,1.0,39.49,39.83,39.14,39.27,651100.0
2011-03-21,37.73,38.46,37.73,38.04,322300.0,0.0,1.0,37.73,38.46,37.73,38.04,322300.0
2011-03-18,37.0,37.87,36.98,37.31,382600.0,0.0,1.0,37.0,37.87,36.98,37.31,382600.0
2011-03-17,37.1,37.39,36.62,36.74,236100.0,0.0,1.0,37.1,37.39,36.62,36.74,236100.0
2011-03-16,36.86,37.44,36.26,36.56,471700.0,0.0,1.0,36.86,37.44,36.26,36.56,471700.0
2011-03-15,36.01,37.36,35.67,37.0,405800.0,0.0,1.0,36.01,37.36,35.67,37.0,405800.0
2011-03-14,37.05,37.35,36.43,36.97,279800.0,0.0,1.0,37.05,37.35,36.43,36.97,279800.0
2011-03-11,37.22,37.69,36.78,37.39,317500.0,0.0,1.0,37.22,37.69,36.78,37.39,317500.0
2011-03-10,37.98,37.98,37.05,37.32,350400.0,0.0,1.0,37.98,37.98,37.05,37.32,350400.0
2011-03-09,38.02,38.7,37.96,38.44,505600.0,0.0,1.0,38.02,38.7,37.96,38.44,505600.0
2011-03-08,37.38,38.28,36.86,38.14,535300.0,0.0,1.0,37.38,38.28,36.86,38.14,535300.0
2011-03-07,38.01,38.31,36.81,37.21,424100.0,0.0,1.0,38.01,38.31,36.81,37.21,424100.0
2011-03-04,38.12,38.24,37.11,37.83,359400.0,0.0,1.0,38.12,38.24,37.11,37.83,359400.0
2011-03-03,37.87,38.75,37.77,37.97,666300.0,0.0,1.0,37.87,38.75,37.77,37.97,666300.0
2011-03-02,37.21,38.06,37.21,37.57,366500.0,0.0,1.0,37.21,38.06,37.21,37.57,366500.0
2011-03-01,37.69,38.04,36.98,37.21,432600.0,0.0,1.0,37.69,38.04,36.98,37.21,432600.0
2011-02-28,37.98,38.27,37.37,37.55,372400.0,0.0,1.0,37.98,38.27,37.37,37.55,372400.0
2011-02-25,37.49,37.91,37.35,37.87,539100.0,0.0,1.0,37.49,37.91,37.35,37.87,539100.0
2011-02-24,37.48,38.15,36.84,37.35,938900.0,0.0,1.0,37.48,38.15,36.84,37.35,938900.0
2011-02-23,38.73,38.77,37.15,37.39,1097100.0,0.0,1.0,38.73,38.77,37.15,37.39,1097100.0
2011-02-22,37.91,39.43,37.9,38.77,2121400.0,0.0,1.0,37.91,39.43,37.9,38.77,2121400.0
2011-02-18,37.36,39.16,37.1,38.45,1704600.0,0.0,1.0,37.36,39.16,37.1,38.45,1704600.0
2011-02-17,35.8,37.28,35.44,36.95,1572700.0,0.0,1.0,35.8,37.28,35.44,36.95,1572700.0
2011-02-16,34.67,36.51,34.67,35.99,2177800.0,0.0,1.0,34.67,36.51,34.67,35.99,2177800.0
2011-02-15,34.96,35.19,34.5,34.66,1391000.0,0.0,1.0,34.96,35.19,34.5,34.66,1391000.0
2011-02-14,34.35,35.22,33.91,35.01,1227100.0,0.0,1.0,34.35,35.22,33.91,35.01,1227100.0
2011-02-11,31.57,34.46,31.31,34.16,1534200.0,0.0,1.0,31.57,34.46,31.31,34.16,1534200.0
2011-02-10,31.69,32.12,31.6,31.7,237600.0,0.0,1.0,31.69,32.12,31.6,31.7,237600.0
2011-02-09,32.0,32.13,31.57,31.77,402700.0,0.0,1.0,32.0,32.13,31.57,31.77,402700.0
2011-02-08,31.07,32.16,30.86,32.14,459200.0,0.0,1.0,31.07,32.16,30.86,32.14,459200.0
2011-02-07,31.49,31.9,31.03,31.17,256400.0,0.0,1.0,31.49,31.9,31.03,31.17,256400.0
2011-02-04,31.51,32.35,30.95,31.51,509200.0,0.0,1.0,31.51,32.35,30.95,31.51,509200.0
2011-02-03,30.65,31.86,30.53,31.46,564700.0,0.0,1.0,30.65,31.86,30.53,31.46,564700.0
2011-02-02,31.04,31.2,30.67,30.72,365800.0,0.0,1.0,31.04,31.2,30.67,30.72,365800.0
2011-02-01,30.14,31.26,29.96,31.19,586800.0,0.0,1.0,30.14,31.26,29.96,31.19,586800.0
2011-01-31,30.13,30.26,29.81,29.9,520600.0,0.0,1.0,30.13,30.26,29.81,29.9,520600.0
2011-01-28,31.17,31.2,29.91,30.06,551900.0,0.0,1.0,31.17,31.2,29.91,30.06,551900.0
2011-01-27,30.77,31.47,30.26,31.24,369100.0,0.0,1.0,30.77,31.47,30.26,31.24,369100.0
2011-01-26,30.73,30.89,30.2,30.75,569600.0,0.0,1.0,30.73,30.89,30.2,30.75,569600.0
2011-01-25,30.4,30.65,30.1,30.63,424100.0,0.0,1.0,30.4,30.65,30.1,30.63,424100.0
2011-01-24,30.46,30.8,30.26,30.45,341000.0,0.0,1.0,30.46,30.8,30.26,30.45,341000.0
2011-01-21,31.31,31.33,30.38,30.45,661500.0,0.0,1.0,31.31,31.33,30.38,30.45,661500.0
2011-01-20,31.98,32.55,30.87,31.08,637900.0,0.0,1.0,31.98,32.55,30.87,31.08,637900.0
2011-01-19,32.55,32.69,32.11,32.24,1086200.0,0.0,1.0,32.55,32.69,32.11,32.24,1086200.0
2011-01-18,31.59,32.75,31.18,32.73,1222700.0,0.0,1.0,31.59,32.75,31.18,32.73,1222700.0
2011-01-14,30.85,31.66,30.2,31.45,960600.0,0.0,1.0,30.85,31.66,30.2,31.45,960600.0
2011-01-13,31.0,31.6,30.82,31.27,293500.0,0.0,1.0,31.0,31.6,30.82,31.27,293500.0
2011-01-12,31.87,31.94,31.0,31.01,333400.0,0.0,1.0,31.87,31.94,31.0,31.01,333400.0
2011-01-11,32.07,32.5,31.37,31.6,390500.0,0.0,1.0,32.07,32.5,31.37,31.6,390500.0
2011-01-10,31.17,32.19,30.62,32.0,551800.0,0.0,1.0,31.17,32.19,30.62,32.0,551800.0
2011-01-07,31.47,31.83,30.72,31.3,457700.0,0.0,1.0,31.47,31.83,30.72,31.3,457700.0
2011-01-06,30.68,31.42,29.92,31.39,828400.0,0.0,1.0,30.68,31.42,29.92,31.39,828400.0
2011-01-05,29.94,30.64,29.75,30.61,464400.0,0.0,1.0,29.94,30.64,29.75,30.61,464400.0
2011-01-04,30.14,30.21,29.47,30.03,389200.0,0.0,1.0,30.14,30.21,29.47,30.03,389200.0
2011-01-03,30.4,30.63,29.88,30.1,379200.0,0.0,1.0,30.4,30.63,29.88,30.1,379200.0
2010-12-31,29.58,30.46,29.54,30.22,432300.0,0.0,1.0,29.58,30.46,29.54,30.22,432300.0
2010-12-30,29.35,29.82,29.3,29.58,256600.0,0.0,1.0,29.35,29.82,29.3,29.58,256600.0
2010-12-29,29.17,29.59,29.17,29.33,167000.0,0.0,1.0,29.17,29.59,29.17,29.33,167000.0
2010-12-28,29.22,29.37,28.98,29.17,151700.0,0.0,1.0,29.22,29.37,28.98,29.17,151700.0
2010-12-27,28.95,29.3,28.88,29.23,176900.0,0.0,1.0,28.95,29.3,28.88,29.23,176900.0
2010-12-23,28.96,29.16,28.82,29.06,391400.0,0.0,1.0,28.96,29.16,28.82,29.06,391400.0
2010-12-22,28.25,28.96,28.14,28.96,517700.0,0.0,1.0,28.25,28.96,28.14,28.96,517700.0
2010-12-21,28.12,28.26,27.59,28.18,531000.0,0.0,1.0,28.12,28.26,27.59,28.18,531000.0
2010-12-20,27.83,28.05,27.64,27.97,481700.0,0.0,1.0,27.83,28.05,27.64,27.97,481700.0
2010-12-17,28.15,28.29,27.75,27.76,992800.0,0.0,1.0,28.15,28.29,27.75,27.76,992800.0
2010-12-16,28.56,28.81,28.13,28.33,535400.0,0.0,1.0,28.56,28.81,28.13,28.33,535400.0
2010-12-15,28.1,28.69,28.02,28.48,753300.0,0.0,1.0,28.1,28.69,28.02,28.48,753300.0
2010-12-14,28.37,28.56,28.1,28.16,473600.0,0.0,1.0,28.37,28.56,28.1,28.16,473600.0
2010-12-13,28.83,28.86,28.22,28.25,348000.0,0.0,1.0,28.83,28.86,28.22,28.25,348000.0
2010-12-10,28.61,28.98,28.54,28.73,399500.0,0.0,1.0,28.61,28.98,28.54,28.73,399500.0
2010-12-09,29.05,29.05,28.53,28.57,359600.0,0.0,1.0,29.05,29.05,28.53,28.57,359600.0
2010-12-08,29.12,29.23,28.83,28.88,209200.0,0.0,1.0,29.12,29.23,28.83,28.88,209200.0
2010-12-07,29.39,29.54,28.96,29.05,249800.0,0.0,1.0,29.39,29.54,28.96,29.05,249800.0
2010-12-06,29.2,29.24,28.9,29.14,185600.0,0.0,1.0,29.2,29.24,28.9,29.14,185600.0
2010-12-03,29.12,29.31,28.9,29.26,258500.0,0.0,1.0,29.12,29.31,28.9,29.26,258500.0
2010-12-02,29.07,29.35,28.82,29.21,261200.0,0.0,1.0,29.07,29.35,28.82,29.21,261200.0
2010-12-01,28.56,29.08,28.47,29.01,570000.0,0.0,1.0,28.56,29.08,28.47,29.01,570000.0
2010-11-30,28.08,28.45,27.75,28.15,540000.0,0.0,1.0,28.08,28.45,27.75,28.15,540000.0
2010-11-29,27.94,28.54,27.55,28.35,424400.0,0.0,1.0,27.94,28.54,27.55,28.35,424400.0
2010-11-26,28.15,28.35,27.99,28.18,112900.0,0.0,1.0,28.15,28.35,27.99,28.18,112900.0
2010-11-24,28.19,28.47,27.92,28.35,265900.0,0.0,1.0,28.19,28.47,27.92,28.35,265900.0
2010-11-23,27.92,28.13,27.74,27.95,418800.0,0.0,1.0,27.92,28.13,27.74,27.95,418800.0
2010-11-22,28.0,28.63,27.9,28.19,415000.0,0.0,1.0,28.0,28.63,27.9,28.19,415000.0
2010-11-19,28.08,28.15,27.85,28.07,422200.0,0.0,1.0,28.08,28.15,27.85,28.07,422200.0
2010-11-18,28.33,28.59,27.86,28.17,427000.0,0.0,1.0,28.33,28.59,27.86,28.17,427000.0
2010-11-17,28.2,28.2,27.83,28.03,352000.0,0.0,1.0,28.2,28.2,27.83,28.03,352000.0
2010-11-16,28.84,28.85,27.93,28.19,553200.0,0.0,1.0,28.84,28.85,27.93,28.19,553200.0
2010-11-15,29.35,29.54,29.03,29.14,188800.0,0.0,1.0,29.35,29.54,29.03,29.14,188800.0
2010-11-12,29.46,29.88,29.17,29.23,403300.0,0.0,1.0,29.46,29.88,29.17,29.23,403300.0
2010-11-11,29.11,30.1,28.94,29.78,457900.0,0.0,1.0,29.11,30.1,28.94,29.78,457900.0
2010-11-10,28.62,29.4,28.26,29.38,257500.0,0.0,1.0,28.62,29.4,28.26,29.38,257500.0
2010-11-09,28.96,29.05,28.4,28.58,677100.0,0.0,1.0,28.96,29.05,28.4,28.58,677100.0
2010-11-08,29.1,29.38,28.79,28.99,722800.0,0.0,1.0,29.1,29.38,28.79,28.99,722800.0
2010-11-05,28.99,29.49,28.97,29.09,586000.0,0.0,1.0,28.99,29.49,28.97,29.09,586000.0
2010-11-04,29.07,29.55,28.8,29.07,900900.0,0.0,1.0,29.07,29.55,28.8,29.07,900900.0
2010-11-03,28.91,29.18,28.12,28.49,217000.0,0.0,1.0,28.91,29.18,28.12,28.49,217000.0
2010-11-02,28.55,29.08,28.42,28.86,439700.0,0.0,1.0,28.55,29.08,28.42,28.86,439700.0
2010-11-01,27.89,28.94,27.82,28.27,413900.0,0.0,1.0,27.89,28.94,27.82,28.27,413900.0
2010-10-29,27.36,27.98,27.35,27.78,377200.0,0.0,1.0,27.36,27.98,27.35,27.78,377200.0
2010-10-28,27.7,27.74,27.39,27.5,403600.0,0.0,1.0,27.7,27.74,27.39,27.5,403600.0
2010-10-27,27.79,28.06,27.33,27.47,453800.0,0.0,1.0,27.79,28.06,27.33,27.47,453800.0
2010-10-26,28.81,28.84,27.92,27.97,562900.0,0.0,1.0,28.81,28.84,27.92,27.97,562900.0
2010-10-25,28.76,29.33,28.58,29.0,148400.0,0.0,1.0,28.76,29.33,28.58,29.0,148400.0
2010-10-22,28.7,28.7,28.09,28.55,243000.0,0.0,1.0,28.7,28.7,28.09,28.55,243000.0
2010-10-21,28.96,29.23,28.36,28.58,549300.0,0.0,1.0,28.96,29.23,28.36,28.58,549300.0
2010-10-20,28.23,29.04,28.14,28.75,248200.0,0.0,1.0,28.23,29.04,28.14,28.75,248200.0
2010-10-19,28.36,28.62,27.81,28.06,558300.0,0.0,1.0,28.36,28.62,27.81,28.06,558300.0
2010-10-18,28.1,28.82,27.96,28.81,507400.0,0.0,1.0,28.1,28.82,27.96,28.81,507400.0
2010-10-15,28.7,28.92,27.99,28.05,509600.0,0.0,1.0,28.7,28.92,27.99,28.05,509600.0
2010-10-14,28.74,29.0,28.31,28.48,503100.0,0.0,1.0,28.74,29.0,28.31,28.48,503100.0
2010-10-13,28.67,29.12,28.65,28.79,593200.0,0.0,1.0,28.67,29.12,28.65,28.79,593200.0
2010-10-12,28.77,28.89,28.28,28.5,253300.0,0.0,1.0,28.77,28.89,28.28,28.5,253300.0
2010-10-11,28.26,29.06,28.14,28.78,152300.0,0.0,1.0,28.26,29.06,28.14,28.78,152300.0
2010-10-08,28.1,28.36,27.9,28.2,282000.0,0.0,1.0,28.1,28.36,27.9,28.2,282000.0
2010-10-07,28.5,28.54,27.87,28.03,289500.0,0.0,1.0,28.5,28.54,27.87,28.03,289500.0
2010-10-06,28.97,29.25,28.11,28.39,357600.0,0.0,1.0,28.97,29.25,28.11,28.39,357600.0
2010-10-05,29.16,29.32,28.78,29.1,423800.0,0.0,1.0,29.16,29.32,28.78,29.1,423800.0
2010-10-04,29.4,29.61,28.43,28.74,306900.0,0.0,1.0,29.4,29.61,28.43,28.74,306900.0
2010-10-01,28.96,29.52,28.85,29.5,538600.0,0.0,1.0,28.96,29.52,28.85,29.5,538600.0
2010-09-30,29.37,29.73,28.96,28.96,789800.0,0.0,1.0,29.37,29.73,28.96,28.96,789800.0
2010-09-29,29.32,29.7,28.99,29.13,462300.0,0.0,1.0,29.32,29.7,28.99,29.13,462300.0
2010-09-28,28.97,29.73,28.76,29.51,540100.0,0.0,1.0,28.97,29.73,28.76,29.51,540100.0
2010-09-27,29.14,29.31,28.93,28.96,480300.0,0.0,1.0,29.14,29.31,28.93,28.96,480300.0
2010-09-24,28.8,29.26,28.59,29.24,401900.0,0.0,1.0,28.8,29.26,28.59,29.24,401900.0
2010-09-23,27.98,28.79,27.85,28.43,412600.0,0.0,1.0,27.98,28.79,27.85,28.43,412600.0
2010-09-22,28.16,28.39,27.9,28.26,445300.0,0.0,1.0,28.16,28.39,27.9,28.26,445300.0
2010-09-21,27.66,28.55,27.46,28.3,902200.0,0.0,1.0,27.66,28.55,27.46,28.3,902200.0
2010-09-20,27.21,27.66,26.9,27.66,325600.0,0.0,1.0,27.21,27.66,26.9,27.66,325600.0
2010-09-17,27.16,27.54,26.45,27.1,476000.0,0.0,1.0,27.16,27.54,26.45,27.1,476000.0
2010-09-16,27.29,27.4,26.7,26.86,144800.0,0.0,1.0,27.29,27.4,26.7,26.86,144800.0
2010-09-15,27.65,27.87,27.0,27.36,338700.0,0.0,1.0,27.65,27.87,27.0,27.36,338700.0
2010-09-14,27.44,27.79,27.12,27.66,309400.0,0.0,1.0,27.44,27.79,27.12,27.66,309400.0
2010-09-13,26.74,27.53,26.52,27.48,441100.0,0.0,1.0,26.74,27.53,26.52,27.48,441100.0
2010-09-10,26.23,26.5,25.84,26.42,285700.0,0.0,1.0,26.23,26.5,25.84,26.42,285700.0
2010-09-09,26.28,26.57,26.09,26.32,223900.0,0.0,1.0,26.28,26.57,26.09,26.32,223900.0
2010-09-08,26.25,26.28,25.66,25.83,441000.0,0.0,1.0,26.25,26.28,25.66,25.83,441000.0
2010-09-07,26.76,26.76,25.95,26.25,231700.0,0.0,1.0,26.76,26.76,25.95,26.25,231700.0
2010-09-03,26.89,27.05,26.56,26.86,457400.0,0.0,1.0,26.89,27.05,26.56,26.86,457400.0
2010-09-02,25.69,26.61,25.38,26.54,454700.0,0.0,1.0,25.69,26.61,25.38,26.54,454700.0
2010-09-01,25.25,25.7,24.91,25.67,462500.0,0.0,1.0,25.25,25.7,24.91,25.67,462500.0
2010-08-31,24.89,25.24,24.4,24.81,506900.0,0.0,1.0,24.89,25.24,24.4,24.81,506900.0
2010-08-30,25.82,25.85,24.95,24.97,388500.0,0.0,1.0,25.82,25.85,24.95,24.97,388500.0
2010-08-27,25.09,26.04,24.39,26.01,413100.0,0.0,1.0,25.09,26.04,24.39,26.01,413100.0
2010-08-26,25.4,25.48,24.73,24.78,418500.0,0.0,1.0,25.4,25.48,24.73,24.78,418500.0
2010-08-25,24.49,25.42,24.43,25.32,340100.0,0.0,1.0,24.49,25.42,24.43,25.32,340100.0
2010-08-24,24.69,25.12,24.38,24.66,394300.0,0.0,1.0,24.69,25.12,24.38,24.66,394300.0
2010-08-23,25.36,25.74,24.76,25.12,927500.0,0.0,1.0,25.36,25.74,24.76,25.12,927500.0
2010-08-20,24.86,25.17,24.3,25.15,530900.0,0.0,1.0,24.86,25.17,24.3,25.15,530900.0
2010-08-19,26.15,26.24,24.96,25.03,501900.0,0.0,1.0,26.15,26.24,24.96,25.03,501900.0
2010-08-18,26.58,26.72,26.16,26.32,298600.0,0.0,1.0,26.58,26.72,26.16,26.32,298600.0
2010-08-17,26.82,26.96,26.29,26.65,389200.0,0.0,1.0,26.82,26.96,26.29,26.65,389200.0
2010-08-16,26.07,26.74,25.7,26.5,277300.0,0.0,1.0,26.07,26.74,25.7,26.5,277300.0
2010-08-13,26.6,26.62,26.05,26.33,347400.0,0.0,1.0,26.6,26.62,26.05,26.33,347400.0
2010-08-12,26.39,27.05,26.34,26.8,454800.0,0.0,1.0,26.39,27.05,26.34,26.8,454800.0
2010-08-11,27.6,27.6,26.56,26.94,708600.0,0.0,1.0,27.6,27.6,26.56,26.94,708600.0
2010-08-10,28.5,28.89,27.89,28.22,1127000.0,0.0,1.0,28.5,28.89,27.89,28.22,1127000.0
2010-08-09,28.45,29.99,28.04,28.58,1732100.0,0.0,1.0,28.45,29.99,28.04,28.58,1732100.0
2010-08-06,26.99,27.77,26.75,27.55,549400.0,0.0,1.0,26.99,27.77,26.75,27.55,549400.0
2010-08-05,27.21,27.67,26.99,27.25,284400.0,0.0,1.0,27.21,27.67,26.99,27.25,284400.0
2010-08-04,27.12,27.85,26.91,27.47,588900.0,0.0,1.0,27.12,27.85,26.91,27.47,588900.0
2010-08-03,26.71,27.27,26.43,26.99,389400.0,0.0,1.0,26.71,27.27,26.43,26.99,389400.0
2010-08-02,26.1,26.78,26.1,26.75,580500.0,0.0,1.0,26.1,26.78,26.1,26.75,580500.0
2010-07-30,24.1,25.88,23.84,25.79,663100.0,0.0,1.0,24.1,25.88,23.84,25.79,663100.0
2010-07-29,24.84,25.07,24.26,24.49,526300.0,0.0,1.0,24.84,25.07,24.26,24.49,526300.0
2010-07-28,24.96,25.07,24.39,24.54,776800.0,0.0,1.0,24.96,25.07,24.39,24.54,776800.0
2010-07-27,25.27,25.42,24.68,25.06,908600.0,0.0,1.0,25.27,25.42,24.68,25.06,908600.0
2010-07-26,24.03,25.08,24.03,25.03,374500.0,0.0,1.0,24.03,25.08,24.03,25.03,374500.0
2010-07-23,23.34,24.07,23.22,23.95,396200.0,0.0,1.0,23.34,24.07,23.22,23.95,396200.0
2010-07-22,23.3,23.77,23.13,23.49,758600.0,0.0,1.0,23.3,23.77,23.13,23.49,758600.0
2010-07-21,24.0,24.03,22.71,22.93,735900.0,0.0,1.0,24.0,24.03,22.71,22.93,735900.0
2010-07-20,24.15,24.26,23.65,23.9,777700.0,0.0,1.0,24.15,24.26,23.65,23.9,777700.0
2010-07-19,24.37,24.62,24.19,24.33,413000.0,0.0,1.0,24.37,24.62,24.19,24.33,413000.0
2010-07-16,25.18,25.44,24.17,24.31,517100.0,0.0,1.0,25.18,25.44,24.17,24.31,517100.0
2010-07-15,25.1,25.5,24.82,25.26,763200.0,0.0,1.0,25.1,25.5,24.82,25.26,763200.0
2010-07-14,24.41,25.04,24.33,24.98,460500.0,0.0,1.0,24.41,25.04,24.33,24.98,460500.0
2010-07-13,23.96,24.72,23.71,24.57,515800.0,0.0,1.0,23.96,24.72,23.71,24.57,515800.0
2010-07-12,24.18,24.19,23.33,23.61,172900.0,0.0,1.0,24.18,24.19,23.33,23.61,172900.0
2010-07-09,24.04,24.29,23.74,24.24,368900.0,0.0,1.0,24.04,24.29,23.74,24.24,368900.0
2010-07-08,23.45,24.26,23.28,24.15,550000.0,0.0,1.0,23.45,24.26,23.28,24.15,550000.0
2010-07-07,23.02,23.2,22.25,23.15,782500.0,0.0,1.0,23.02,23.2,22.25,23.15,782500.0
2010-07-06,23.55,23.89,22.73,22.92,503400.0,0.0,1.0,23.55,23.89,22.73,22.92,503400.0
2010-07-02,23.79,23.94,23.07,23.2,463400.0,0.0,1.0,23.79,23.94,23.07,23.2,463400.0
2010-07-01,23.66,23.92,22.9,23.7,1756100.0,0.0,1.0,23.66,23.92,22.9,23.7,1756100.0
2010-06-30,24.14,24.15,22.55,23.74,1982700.0,0.0,1.0,24.14,24.15,22.55,23.74,1982700.0
2010-06-29,25.94,25.98,24.08,24.32,953000.0,0.0,1.0,25.94,25.98,24.08,24.32,953000.0
2010-06-28,26.88,27.01,26.36,26.4,265100.0,0.0,1.0,26.88,27.01,26.36,26.4,265100.0
2010-06-25,26.78,27.95,26.42,27.05,845400.0,0.0,1.0,26.78,27.95,26.42,27.05,845400.0
2010-06-24,27.04,27.23,26.46,26.63,385200.0,0.0,1.0,27.04,27.23,26.46,26.63,385200.0
2010-06-23,27.42,27.42,26.7,27.13,456000.0,0.0,1.0,27.42,27.42,26.7,27.13,456000.0
2010-06-22,28.62,28.98,27.49,27.53,416800.0,0.0,1.0,28.62,28.98,27.49,27.53,416800.0
2010-06-21,29.05,29.46,28.4,28.56,511600.0,0.0,1.0,29.05,29.46,28.4,28.56,511600.0
2010-06-18,28.97,28.97,28.46,28.78,354200.0,0.0,1.0,28.97,28.97,28.46,28.78,354200.0
2010-06-17,28.75,28.98,28.45,28.85,260600.0,0.0,1.0,28.75,28.98,28.45,28.85,260600.0
2010-06-16,28.65,28.86,28.4,28.64,359900.0,0.0,1.0,28.65,28.86,28.4,28.64,359900.0
2010-06-15,28.43,28.88,28.24,28.77,319200.0,0.0,1.0,28.43,28.88,28.24,28.77,319200.0
2010-06-14,28.29,28.71,28.08,28.2,343300.0,0.0,1.0,28.29,28.71,28.08,28.2,343300.0
2010-06-11,27.5,28.11,27.28,28.06,254900.0,0.0,1.0,27.5,28.11,27.28,28.06,254900.0
2010-06-10,27.47,27.74,27.13,27.7,357200.0,0.0,1.0,27.47,27.74,27.13,27.7,357200.0
2010-06-09,27.5,27.76,26.87,27.1,441600.0,0.0,1.0,27.5,27.76,26.87,27.1,441600.0
2010-06-08,27.68,28.12,26.79,27.28,357500.0,0.0,1.0,27.68,28.12,26.79,27.28,357500.0
2010-06-07,27.94,28.52,27.15,27.58,363200.0,0.0,1.0,27.94,28.52,27.15,27.58,363200.0
2010-06-04,28.56,29.62,27.81,27.89,553900.0,0.0,1.0,28.56,29.62,27.81,27.89,553900.0
2010-06-03,28.09,29.32,28.09,29.3,633300.0,0.0,1.0,28.09,29.32,28.09,29.3,633300.0
2010-06-02,26.44,28.36,26.44,28.31,664800.0,0.0,1.0,26.44,28.36,26.44,28.31,664800.0
2010-06-01,27.15,27.56,26.36,26.36,515300.0,0.0,1.0,27.15,27.56,26.36,26.36,515300.0
2010-05-28,27.41,27.53,26.95,27.26,361800.0,0.0,1.0,27.41,27.53,26.95,27.26,361800.0
2010-05-27,26.94,27.55,26.56,27.55,468900.0,0.0,1.0,26.94,27.55,26.56,27.55,468900.0
2010-05-26,26.0,27.2,25.84,26.51,561200.0,0.0,1.0,26.0,27.2,25.84,26.51,561200.0
2010-05-25,25.53,25.97,25.09,25.91,487700.0,0.0,1.0,25.53,25.97,25.09,25.91,487700.0
2010-05-24,26.17,26.73,25.71,26.09,389000.0,0.0,1.0,26.17,26.73,25.71,26.09,389000.0
2010-05-21,25.3,26.79,25.29,26.28,980100.0,0.0,1.0,25.3,26.79,25.29,26.28,980100.0
2010-05-20,25.95,26.64,25.79,25.85,889400.0,0.0,1.0,25.95,26.64,25.79,25.85,889400.0
2010-05-19,27.09,27.29,26.62,26.81,527700.0,0.0,1.0,27.09,27.29,26.62,26.81,527700.0
2010-05-18,27.68,28.18,27.23,27.3,447100.0,0.0,1.0,27.68,28.18,27.23,27.3,447100.0
2010-05-17,28.04,28.28,26.75,27.47,420500.0,0.0,1.0,28.04,28.28,26.75,27.47,420500.0
2010-05-14,28.33,28.49,27.1,27.91,444100.0,0.0,1.0,28.33,28.49,27.1,27.91,444100.0
2010-05-13,28.6,29.13,28.33,28.5,361400.0,0.0,1.0,28.6,29.13,28.33,28.5,361400.0
2010-05-12,27.65,28.77,27.5,28.73,604600.0,0.0,1.0,27.65,28.77,27.5,28.73,604600.0
2010-05-11,26.94,28.18,26.8,27.57,709200.0,0.0,1.0,26.94,28.18,26.8,27.57,709200.0
2010-05-10,27.83,28.38,26.92,27.2,811700.0,0.0,1.0,27.83,28.38,26.92,27.2,811700.0
2010-05-07,27.5,27.83,26.58,26.72,912600.0,0.0,1.0,27.5,27.83,26.58,26.72,912600.0
2010-05-06,29.07,29.39,25.26,27.76,1383200.0,0.0,1.0,29.07,29.39,25.26,27.76,1383200.0
2010-05-05,28.49,29.44,27.79,29.11,1082400.0,0.0,1.0,28.49,29.44,27.79,29.11,1082400.0
2010-05-04,28.83,28.87,27.95,28.2,497900.0,0.0,1.0,28.83,28.87,27.95,28.2,497900.0
2010-05-03,28.67,29.4,28.54,29.26,778400.0,0.0,1.0,28.67,29.4,28.54,29.26,778400.0
2010-04-30,30.0,30.0,28.59,28.63,828900.0,0.0,1.0,30.0,30.0,28.59,28.63,828900.0
2010-04-29,29.29,30.21,29.1,29.88,701200.0,0.0,1.0,29.29,30.21,29.1,29.88,701200.0
2010-04-28,28.19,29.09,28.0,29.03,883400.0,0.0,1.0,28.19,29.09,28.0,29.03,883400.0
2010-04-27,28.82,29.23,27.96,28.01,1123500.0,0.0,1.0,28.82,29.23,27.96,28.01,1123500.0
2010-04-26,30.5,30.71,28.85,28.99,1032500.0,0.0,1.0,30.5,30.71,28.85,28.99,1032500.0
2010-04-23,30.97,31.0,30.34,30.53,946000.0,0.0,1.0,30.97,31.0,30.34,30.53,946000.0
2010-04-22,30.87,31.19,30.23,30.95,694500.0,0.0,1.0,30.87,31.19,30.23,30.95,694500.0
2010-04-21,31.62,32.16,30.91,31.25,824300.0,0.0,1.0,31.62,32.16,30.91,31.25,824300.0
2010-04-20,31.26,32.0,31.14,31.7,1054400.0,0.0,1.0,31.26,32.0,31.14,31.7,1054400.0
2010-04-19,29.48,31.48,29.48,31.09,1516200.0,0.0,1.0,29.48,31.48,29.48,31.09,1516200.0
2010-04-16,29.0,29.53,28.67,29.41,1309300.0,0.0,1.0,29.0,29.53,28.67,29.41,1309300.0
2010-04-15,28.29,29.14,28.04,29.01,1647100.0,0.0,1.0,28.29,29.14,28.04,29.01,1647100.0
2010-04-14,28.06,28.32,27.53,28.26,1267800.0,0.0,1.0,28.06,28.32,27.53,28.26,1267800.0
2010-04-13,28.55,28.6,27.97,28.01,794900.0,0.0,1.0,28.55,28.6,27.97,28.01,794900.0
2010-04-12,29.01,29.14,28.32,28.64,951600.0,0.0,1.0,29.01,29.14,28.32,28.64,951600.0
2010-04-09,29.74,29.74,28.91,29.08,732300.0,0.0,1.0,29.74,29.74,28.91,29.08,732300.0
2010-04-08,30.25,30.25,29.5,29.67,371800.0,0.0,1.0,30.25,30.25,29.5,29.67,371800.0
2010-04-07,30.97,31.11,30.17,30.41,353400.0,0.0,1.0,30.97,31.11,30.17,30.41,353400.0
2010-04-06,30.17,31.22,29.93,31.14,456200.0,0.0,1.0,30.17,31.22,29.93,31.14,456200.0
2010-04-05,29.94,30.32,29.74,30.1,188400.0,0.0,1.0,29.94,30.32,29.74,30.1,188400.0
2010-04-01,30.03,30.49,29.55,29.91,392600.0,0.0,1.0,30.03,30.49,29.55,29.91,392600.0
2010-03-31,29.97,30.17,29.67,29.8,385100.0,0.0,1.0,29.97,30.17,29.67,29.8,385100.0
2010-03-30,29.99,30.45,29.88,30.2,241000.0,0.0,1.0,29.99,30.45,29.88,30.2,241000.0
2010-03-29,29.74,30.16,29.55,30.05,219100.0,0.0,1.0,29.74,30.16,29.55,30.05,219100.0
2010-03-26,29.76,30.17,29.32,29.55,433500.0,0.0,1.0,29.76,30.17,29.32,29.55,433500.0
2010-03-25,30.87,31.02,29.63,29.78,1070800.0,0.0,1.0,30.87,31.02,29.63,29.78,1070800.0
2010-03-24,31.15,31.36,30.53,30.53,462500.0,0.0,1.0,31.15,31.36,30.53,30.53,462500.0
2010-03-23,31.3,31.46,30.54,31.23,624600.0,0.0,1.0,31.3,31.46,30.54,31.23,624600.0
2010-03-22,30.81,31.99,30.78,31.21,817600.0,0.0,1.0,30.81,31.99,30.78,31.21,817600.0
2010-03-19,30.72,31.07,30.42,30.72,1275700.0,0.0,1.0,30.72,31.07,30.42,30.72,1275700.0
2010-03-18,30.14,30.99,30.0,30.29,676700.0,0.0,1.0,30.14,30.99,30.0,30.29,676700.0
2010-03-17,30.31,30.47,29.77,30.25,534900.0,0.0,1.0,30.31,30.47,29.77,30.25,534900.0
2010-03-16,30.06,30.26,29.56,30.16,951200.0,0.0,1.0,30.06,30.26,29.56,30.16,951200.0
2010-03-15,29.04,29.96,28.65,29.89,695000.0,0.0,1.0,29.04,29.96,28.65,29.89,695000.0
2010-03-12,29.6,29.8,28.85,29.14,376900.0,0.0,1.0,29.6,29.8,28.85,29.14,376900.0
2010-03-11,29.01,29.68,28.52,29.52,378300.0,0.0,1.0,29.01,29.68,28.52,29.52,378300.0
2010-03-10,29.29,29.34,28.66,29.3,561300.0,0.0,1.0,29.29,29.34,28.66,29.3,561300.0
2010-03-09,29.56,30.23,29.04,29.2,877800.0,0.0,1.0,29.56,30.23,29.04,29.2,877800.0
2010-03-08,29.4,29.69,29.24,29.68,764600.0,0.0,1.0,29.4,29.69,29.24,29.68,764600.0
2010-03-05,29.09,29.56,28.87,29.53,728200.0,0.0,1.0,29.09,29.56,28.87,29.53,728200.0
2010-03-04,29.27,29.27,28.52,28.83,702800.0,0.0,1.0,29.27,29.27,28.52,28.83,702800.0
2010-03-03,28.58,29.76,28.49,29.16,2139300.0,0.0,1.0,28.58,29.76,28.49,29.16,2139300.0
2010-03-02,27.37,27.97,27.14,27.89,868100.0,0.0,1.0,27.37,27.97,27.14,27.89,868100.0
2010-03-01,26.7,27.49,26.67,27.22,583400.0,0.0,1.0,26.7,27.49,26.67,27.22,583400.0
2010-02-26,26.78,27.28,26.54,26.7,912000.0,0.0,1.0,26.78,27.28,26.54,26.7,912000.0
2010-02-25,26.55,26.87,26.26,26.86,1465200.0,0.0,1.0,26.55,26.87,26.26,26.86,1465200.0
2010-02-24,26.76,27.1,26.48,27.06,1426700.0,0.0,1.0,26.76,27.1,26.48,27.06,1426700.0
2010-02-23,25.83,27.05,25.68,26.77,2621800.0,0.0,1.0,25.83,27.05,25.68,26.77,2621800.0
2010-02-22,26.72,26.73,25.8,26.01,1199600.0,0.0,1.0,26.72,26.73,25.8,26.01,1199600.0
2010-02-19,27.77,27.91,25.72,26.25,3980300.0,0.0,1.0,27.77,27.91,25.72,26.25,3980300.0
2010-02-18,27.92,29.38,27.36,27.91,5025600.0,0.0,1.0,27.92,29.38,27.36,27.91,5025600.0
2010-02-17,31.85,32.76,31.8,32.12,840500.0,0.0,1.0,31.85,32.76,31.8,32.12,840500.0
2010-02-16,31.91,31.94,31.12,31.72,498000.0,0.0,1.0,31.91,31.94,31.12,31.72,498000.0
2010-02-12,31.32,31.88,31.05,31.81,539200.0,0.0,1.0,31.32,31.88,31.05,31.81,539200.0
2010-02-11,31.12,31.89,30.82,31.85,305900.0,0.0,1.0,31.12,31.89,30.82,31.85,305900.0
2010-02-10,31.59,31.83,30.6,31.37,287100.0,0.0,1.0,31.59,31.83,30.6,31.37,287100.0
2010-02-09,31.21,31.7,30.45,31.63,606600.0,0.0,1.0,31.21,31.7,30.45,31.63,606600.0
2010-02-08,30.52,31.25,30.29,30.62,523500.0,0.0,1.0,30.52,31.25,30.29,30.62,523500.0
2010-02-05,30.77,30.79,29.55,30.74,1024100.0,0.0,1.0,30.77,30.79,29.55,30.74,1024100.0
2010-02-04,31.66,31.84,30.79,30.83,624200.0,0.0,1.0,31.66,31.84,30.79,30.83,624200.0
2010-02-03,31.93,32.33,31.74,32.0,592200.0,0.0,1.0,31.93,32.33,31.74,32.0,592200.0
2010-02-02,31.74,32.35,31.5,32.12,292900.0,0.0,1.0,31.74,32.35,31.5,32.12,292900.0
2010-02-01,31.37,31.86,30.41,31.7,733100.0,0.0,1.0,31.37,31.86,30.41,31.7,733100.0
2010-01-29,32.16,32.16,30.97,31.18,907900.0,0.0,1.0,32.16,32.16,30.97,31.18,907900.0
2010-01-28,32.7,32.94,31.5,31.99,522200.0,0.0,1.0,32.7,32.94,31.5,31.99,522200.0
2010-01-27,32.29,33.02,32.02,32.74,518600.0,0.0,1.0,32.29,33.02,32.02,32.74,518600.0
2010-01-26,33.08,33.18,32.43,32.54,479600.0,0.0,1.0,33.08,33.18,32.43,32.54,479600.0
2010-01-25,33.81,33.81,33.04,33.18,346000.0,0.0,1.0,33.81,33.81,33.04,33.18,346000.0
2010-01-22,34.01,34.43,33.1,33.18,563800.0,0.0,1.0,34.01,34.43,33.1,33.18,563800.0
2010-01-21,35.86,36.26,34.1,34.11,761700.0,0.0,1.0,35.86,36.26,34.1,34.11,761700.0
2010-01-20,37.68,37.68,35.55,35.75,712500.0,0.0,1.0,37.68,37.68,35.55,35.75,712500.0
2010-01-19,36.18,37.23,36.1,36.45,643900.0,0.0,1.0,36.18,37.23,36.1,36.45,643900.0
2010-01-15,36.09,36.51,35.31,36.02,494100.0,0.0,1.0,36.09,36.51,35.31,36.02,494100.0
2010-01-14,35.46,36.23,35.14,35.98,248600.0,0.0,1.0,35.46,36.23,35.14,35.98,248600.0
2010-01-13,35.06,35.81,34.41,35.73,445400.0,0.0,1.0,35.06,35.81,34.41,35.73,445400.0
2010-01-12,35.19,35.49,34.44,34.93,533100.0,0.0,1.0,35.19,35.49,34.44,34.93,533100.0
2010-01-11,36.41,36.52,35.61,35.61,567900.0,0.0,1.0,36.41,36.52,35.61,35.61,567900.0
2010-01-08,36.34,36.94,36.15,36.4,743700.0,0.0,1.0,36.34,36.94,36.15,36.4,743700.0
2010-01-07,36.67,37.81,36.41,37.18,768300.0,0.0,1.0,36.67,37.81,36.41,37.18,768300.0
2010-01-06,36.88,37.15,36.22,36.67,414500.0,0.0,1.0,36.88,37.15,36.22,36.67,414500.0
2010-01-05,37.01,37.82,36.75,37.1,458500.0,0.0,1.0,37.01,37.82,36.75,37.1,458500.0
2010-01-04,35.24,37.48,35.0,37.15,1059100.0,0.0,1.0,35.24,37.48,35.0,37.15,1059100.0
2009-12-31,37.54,37.74,36.75,36.76,174100.0,0.0,1.0,37.54,37.74,36.75,36.76,174100.0
2009-12-30,38.06,38.19,37.11,37.66,244400.0,0.0,1.0,38.06,38.19,37.11,37.66,244400.0
2009-12-29,38.62,38.62,38.08,38.33,162300.0,0.0,1.0,38.62,38.62,38.08,38.33,162300.0
2009-12-28,38.25,38.74,38.04,38.46,246400.0,0.0,1.0,38.25,38.74,38.04,38.46,246400.0
2009-12-24,38.86,38.98,37.76,38.15,154500.0,0.0,1.0,38.86,38.98,37.76,38.15,154500.0
2009-12-23,38.55,38.89,38.19,38.63,319500.0,0.0,1.0,38.55,38.89,38.19,38.63,319500.0
2009-12-22,38.54,38.91,38.32,38.52,384500.0,0.0,1.0,38.54,38.91,38.32,38.52,384500.0
2009-12-21,37.4,39.12,37.4,38.43,731400.0,0.0,1.0,37.4,39.12,37.4,38.43,731400.0
2009-12-18,36.6,36.96,35.79,36.94,1100700.0,0.0,1.0,36.6,36.96,35.79,36.94,1100700.0
2009-12-17,36.57,36.88,35.59,36.39,375900.0,0.0,1.0,36.57,36.88,35.59,36.39,375900.0
2009-12-16,36.74,37.05,36.55,36.64,472500.0,0.0,1.0,36.74,37.05,36.55,36.64,472500.0
2009-12-15,36.36,37.02,36.11,36.34,411400.0,0.0,1.0,36.36,37.02,36.11,36.34,411400.0
2009-12-14,36.82,36.99,36.36,36.7,322300.0,0.0,1.0,36.82,36.99,36.36,36.7,322300.0
2009-12-11,37.11,37.43,36.15,36.25,365800.0,0.0,1.0,37.11,37.43,36.15,36.25,365800.0
2009-12-10,35.41,37.29,35.26,37.03,1125400.0,0.0,1.0,35.41,37.29,35.26,37.03,1125400.0
2009-12-09,34.61,35.18,34.18,35.04,518300.0,0.0,1.0,34.61,35.18,34.18,35.04,518300.0
2009-12-08,34.5,35.1,33.88,34.45,571400.0,0.0,1.0,34.5,35.1,33.88,34.45,571400.0
2009-12-07,34.49,34.97,34.02,34.49,478300.0,0.0,1.0,34.49,34.97,34.02,34.49,478300.0
2009-12-04,34.27,35.49,34.16,34.39,1023000.0,0.0,1.0,34.27,35.49,34.16,34.39,1023000.0
2009-12-03,35.41,35.73,33.74,33.81,515900.0,0.0,1.0,35.41,35.73,33.74,33.81,515900.0
2009-12-02,34.79,35.36,34.59,35.31,483800.0,0.0,1.0,34.79,35.36,34.59,35.31,483800.0
2009-12-01,33.51,35.0,32.99,34.78,791700.0,0.0,1.0,33.51,35.0,32.99,34.78,791700.0
2009-11-30,33.14,33.42,32.26,32.99,451600.0,0.0,1.0,33.14,33.42,32.26,32.99,451600.0
2009-11-27,32.72,33.71,32.5,33.16,222200.0,0.0,1.0,32.72,33.71,32.5,33.16,222200.0
2009-11-25,33.96,34.21,33.58,33.99,211900.0,0.0,1.0,33.96,34.21,33.58,33.99,211900.0
2009-11-24,33.43,33.93,32.44,33.92,395300.0,0.0,1.0,33.43,33.93,32.44,33.92,395300.0
2009-11-23,32.63,34.0,32.63,33.53,539000.0,0.0,1.0,32.63,34.0,32.63,33.53,539000.0
2009-11-20,32.13,32.64,32.13,32.47,380000.0,0.0,1.0,32.13,32.64,32.13,32.47,380000.0
2009-11-19,32.68,32.69,31.56,32.33,594200.0,0.0,1.0,32.68,32.69,31.56,32.33,594200.0
2009-11-18,33.93,33.95,32.97,33.0,458000.0,0.0,1.0,33.93,33.95,32.97,33.0,458000.0
2009-11-17,33.56,34.05,33.43,33.82,388000.0,0.0,1.0,33.56,34.05,33.43,33.82,388000.0
2009-11-16,32.77,34.24,32.77,33.7,774700.0,0.0,1.0,32.77,34.24,32.77,33.7,774700.0
2009-11-13,32.7,33.8,32.27,32.58,702300.0,0.0,1.0,32.7,33.8,32.27,32.58,702300.0
2009-11-12,32.82,33.36,32.38,32.49,448500.0,0.0,1.0,32.82,33.36,32.38,32.49,448500.0
2009-11-11,32.92,33.45,32.26,32.93,674300.0,0.0,1.0,32.92,33.45,32.26,32.93,674300.0
2009-11-10,31.31,32.98,31.31,32.7,1201900.0,0.0,1.0,31.31,32.98,31.31,32.7,1201900.0
2009-11-09,30.27,31.63,30.03,31.39,787400.0,0.0,1.0,30.27,31.63,30.03,31.39,787400.0
2009-11-06,29.13,30.44,28.8,30.14,911700.0,0.0,1.0,29.13,30.44,28.8,30.14,911700.0
2009-11-05,28.37,29.54,28.37,29.26,1803400.0,0.0,1.0,28.37,29.54,28.37,29.26,1803400.0
2009-11-04,29.9,31.5,28.08,28.09,2564700.0,0.0,1.0,29.9,31.5,28.08,28.09,2564700.0
2009-11-03,26.18,26.4,25.35,26.32,517500.0,0.0,1.0,26.18,26.4,25.35,26.32,517500.0
2009-11-02,26.16,26.71,25.5,26.26,703900.0,0.0,1.0,26.16,26.71,25.5,26.26,703900.0
2009-10-30,26.5,26.63,25.37,26.13,744200.0,0.0,1.0,26.5,26.63,25.37,26.13,744200.0
2009-10-29,25.05,26.85,24.98,26.43,609400.0,0.0,1.0,25.05,26.85,24.98,26.43,609400.0
2009-10-28,25.79,25.83,24.78,24.92,582200.0,0.0,1.0,25.79,25.83,24.78,24.92,582200.0
2009-10-27,25.02,26.03,24.97,25.76,551700.0,0.0,1.0,25.02,26.03,24.97,25.76,551700.0
2009-10-26,25.17,25.96,25.03,25.13,564300.0,0.0,1.0,25.17,25.96,25.03,25.13,564300.0
2009-10-23,26.0,26.26,25.2,25.25,470700.0,0.0,1.0,26.0,26.26,25.2,25.25,470700.0
2009-10-22,25.26,25.95,24.82,25.86,428900.0,0.0,1.0,25.26,25.95,24.82,25.86,428900.0
2009-10-21,25.79,26.66,25.12,25.19,530600.0,0.0,1.0,25.79,26.66,25.12,25.19,530600.0
2009-10-20,25.92,26.7,25.61,25.92,642600.0,0.0,1.0,25.92,26.7,25.61,25.92,642600.0
2009-10-19,26.01,26.17,25.63,25.82,400100.0,0.0,1.0,26.01,26.17,25.63,25.82,400100.0
2009-10-16,26.01,26.38,25.55,25.98,376200.0,0.0,1.0,26.01,26.38,25.55,25.98,376200.0
2009-10-15,26.0,26.89,26.0,26.12,347600.0,0.0,1.0,26.0,26.89,26.0,26.12,347600.0
2009-10-14,26.54,26.54,25.98,26.34,356400.0,0.0,1.0,26.54,26.54,25.98,26.34,356400.0
2009-10-13,26.82,27.03,25.8,26.1,583600.0,0.0,1.0,26.82,27.03,25.8,26.1,583600.0
2009-10-12,27.09,27.12,26.55,26.62,452600.0,0.0,1.0,27.09,27.12,26.55,26.62,452600.0
2009-10-09,25.23,27.86,25.01,26.9,1948700.0,0.0,1.0,25.23,27.86,25.01,26.9,1948700.0
2009-10-08,25.86,26.2,24.86,25.03,577400.0,0.0,1.0,25.86,26.2,24.86,25.03,577400.0
2009-10-07,25.7,26.34,25.64,26.12,317100.0,0.0,1.0,25.7,26.34,25.64,26.12,317100.0
2009-10-06,25.12,25.68,24.66,25.55,482600.0,0.0,1.0,25.12,25.68,24.66,25.55,482600.0
2009-10-05,24.67,25.12,24.3,24.92,264000.0,0.0,1.0,24.67,25.12,24.3,24.92,264000.0
2009-10-02,24.57,24.79,24.0,24.52,331300.0,0.0,1.0,24.57,24.79,24.0,24.52,331300.0
2009-10-01,25.58,26.0,24.61,24.72,813000.0,0.0,1.0,25.58,26.0,24.61,24.72,813000.0
2009-09-30,25.14,25.19,24.06,24.65,328600.0,0.0,1.0,25.14,25.19,24.06,24.65,328600.0
2009-09-29,25.74,25.85,24.76,25.03,535200.0,0.0,1.0,25.74,25.85,24.76,25.03,535200.0
2009-09-28,25.19,26.04,24.88,25.66,316900.0,0.0,1.0,25.19,26.04,24.88,25.66,316900.0
2009-09-25,25.82,26.14,24.7,24.96,398400.0,0.0,1.0,25.82,26.14,24.7,24.96,398400.0
2009-09-24,27.15,27.45,25.6,25.82,383600.0,0.0,1.0,27.15,27.45,25.6,25.82,383600.0
2009-09-23,27.0,27.49,26.14,27.01,850500.0,0.0,1.0,27.0,27.49,26.14,27.01,850500.0
2009-09-22,27.24,27.4,26.34,26.99,521500.0,0.0,1.0,27.24,27.4,26.34,26.99,521500.0
2009-09-21,26.34,27.04,26.14,27.01,249600.0,0.0,1.0,26.34,27.04,26.14,27.01,249600.0
2009-09-18,26.19,26.82,26.1,26.61,368900.0,0.0,1.0,26.19,26.82,26.1,26.61,368900.0
2009-09-17,27.0,27.5,26.25,26.7,383600.0,0.0,1.0,27.0,27.5,26.25,26.7,383600.0
2009-09-16,26.52,27.25,26.2,27.22,383500.0,0.0,1.0,26.52,27.25,26.2,27.22,383500.0
2009-09-15,26.11,27.19,25.97,26.55,818500.0,0.0,1.0,26.11,27.19,25.97,26.55,818500.0
2009-09-14,25.84,26.47,25.84,26.32,450100.0,0.0,1.0,25.84,26.47,25.84,26.32,450100.0
2009-09-11,25.9,26.56,25.65,26.23,338500.0,0.0,1.0,25.9,26.56,25.65,26.23,338500.0
2009-09-10,25.0,26.07,24.53,26.06,352600.0,0.0,1.0,25.0,26.07,24.53,26.06,352600.0
2009-09-09,24.25,25.25,24.2,25.13,357200.0,0.0,1.0,24.25,25.25,24.2,25.13,357200.0
2009-09-08,24.31,24.67,23.66,24.21,353400.0,0.0,1.0,24.31,24.67,23.66,24.21,353400.0
2009-09-04,23.8,24.44,23.8,24.27,311500.0,0.0,1.0,23.8,24.44,23.8,24.27,311500.0
2009-09-03,23.96,23.96,22.84,23.9,392900.0,0.0,1.0,23.96,23.96,22.84,23.9,392900.0
2009-09-02,23.29,24.07,23.29,23.62,589100.0,0.0,1.0,23.29,24.07,23.29,23.62,589100.0
2009-09-01,24.07,24.48,23.07,23.19,672200.0,0.0,1.0,24.07,24.48,23.07,23.19,672200.0
2009-08-31,24.87,25.21,24.04,24.27,546100.0,0.0,1.0,24.87,25.21,24.04,24.27,546100.0
2009-08-28,25.73,25.93,24.98,25.09,465500.0,0.0,1.0,25.73,25.93,24.98,25.09,465500.0
2009-08-27,25.48,25.92,25.07,25.78,380200.0,0.0,1.0,25.48,25.92,25.07,25.78,380200.0
2009-08-26,25.55,26.0,25.3,25.64,512300.0,0.0,1.0,25.55,26.0,25.3,25.64,512300.0
2009-08-25,26.16,26.6,25.68,25.77,461100.0,0.0,1.0,26.16,26.6,25.68,25.77,461100.0
2009-08-24,25.64,26.32,25.55,26.21,343900.0,0.0,1.0,25.64,26.32,25.55,26.21,343900.0
2009-08-21,25.16,25.91,25.01,25.77,429400.0,0.0,1.0,25.16,25.91,25.01,25.77,429400.0
2009-08-20,24.58,25.0,24.24,24.92,301200.0,0.0,1.0,24.58,25.0,24.24,24.92,301200.0
2009-08-19,24.57,24.9,24.06,24.34,561600.0,0.0,1.0,24.57,24.9,24.06,24.34,561600.0
2009-08-18,24.8,25.07,24.29,24.9,499500.0,0.0,1.0,24.8,25.07,24.29,24.9,499500.0
2009-08-17,24.74,25.72,24.54,24.73,899400.0,0.0,1.0,24.74,25.72,24.54,24.73,899400.0
2009-08-14,25.0,25.0,24.1,24.85,580200.0,0.0,1.0,25.0,25.0,24.1,24.85,580200.0
2009-08-13,23.98,24.91,23.72,24.84,542900.0,0.0,1.0,23.98,24.91,23.72,24.84,542900.0
2009-08-12,23.75,24.74,23.6,23.89,734800.0,0.0,1.0,23.75,24.74,23.6,23.89,734800.0
2009-08-11,23.75,24.32,23.52,23.75,732500.0,0.0,1.0,23.75,24.32,23.52,23.75,732500.0
2009-08-10,23.2,24.0,23.08,23.88,460900.0,0.0,1.0,23.2,24.0,23.08,23.88,460900.0
2009-08-07,23.09,23.85,23.09,23.5,466600.0,0.0,1.0,23.09,23.85,23.09,23.5,466600.0
2009-08-06,22.82,22.93,22.3,22.85,448800.0,0.0,1.0,22.82,22.93,22.3,22.85,448800.0
2009-08-05,23.09,23.35,22.58,22.69,787300.0,0.0,1.0,23.09,23.35,22.58,22.69,787300.0
2009-08-04,22.74,23.36,22.74,23.19,482800.0,0.0,1.0,22.74,23.36,22.74,23.19,482800.0
2009-08-03,22.46,23.03,21.56,22.93,613400.0,0.0,1.0,22.46,23.03,21.56,22.93,613400.0
2009-07-31,22.27,23.05,22.16,22.26,703400.0,0.0,1.0,22.27,23.05,22.16,22.26,703400.0
2009-07-30,22.41,22.73,21.86,22.33,1161000.0,0.0,1.0,22.41,22.73,21.86,22.33,1161000.0
2009-07-29,23.25,24.0,21.82,22.24,3406200.0,0.0,1.0,23.25,24.0,21.82,22.24,3406200.0
2009-07-28,18.94,19.83,18.89,19.48,1335600.0,0.0,1.0,18.94,19.83,18.89,19.48,1335600.0
2009-07-27,18.77,19.54,18.6,18.88,351100.0,0.0,1.0,18.77,19.54,18.6,18.88,351100.0
2009-07-24,18.84,19.05,18.61,19.02,292200.0,0.0,1.0,18.84,19.05,18.61,19.02,292200.0
2009-07-23,18.45,19.24,18.4,18.87,391600.0,0.0,1.0,18.45,19.24,18.4,18.87,391600.0
2009-07-22,18.11,18.79,18.11,18.44,280000.0,0.0,1.0,18.11,18.79,18.11,18.44,280000.0
2009-07-21,18.5,18.62,17.87,18.14,264200.0,0.0,1.0,18.5,18.62,17.87,18.14,264200.0
2009-07-20,18.18,18.58,18.15,18.29,326900.0,0.0,1.0,18.18,18.58,18.15,18.29,326900.0
2009-07-17,18.29,18.44,17.97,18.2,372000.0,0.0,1.0,18.29,18.44,17.97,18.2,372000.0
2009-07-16,17.9,18.43,17.68,18.31,371000.0,0.0,1.0,17.9,18.43,17.68,18.31,371000.0
2009-07-15,17.59,18.32,17.42,18.0,546300.0,0.0,1.0,17.59,18.32,17.42,18.0,546300.0
2009-07-14,17.25,17.53,17.02,17.49,308000.0,0.0,1.0,17.25,17.53,17.02,17.49,308000.0
2009-07-13,17.18,17.44,16.6,17.29,346000.0,0.0,1.0,17.18,17.44,16.6,17.29,346000.0
2009-07-10,17.05,17.33,16.65,16.9,522900.0,0.0,1.0,17.05,17.33,16.65,16.9,522900.0
2009-07-09,17.13,17.67,16.72,17.1,448400.0,0.0,1.0,17.13,17.67,16.72,17.1,448400.0
2009-07-08,17.66,17.76,16.55,17.08,717300.0,0.0,1.0,17.66,17.76,16.55,17.08,717300.0
2009-07-07,17.14,18.16,17.12,17.61,599200.0,0.0,1.0,17.14,18.16,17.12,17.61,599200.0
2009-07-06,17.26,17.44,16.88,17.21,668300.0,0.0,1.0,17.26,17.44,16.88,17.21,668300.0
2009-07-02,18.3,18.37,17.23,17.32,752200.0,0.0,1.0,18.3,18.37,17.23,17.32,752200.0
2009-07-01,18.66,19.03,18.3,18.63,491100.0,0.0,1.0,18.66,19.03,18.3,18.63,491100.0
2009-06-30,18.9,19.12,18.25,18.49,689800.0,0.0,1.0,18.9,19.12,18.25,18.49,689800.0
2009-06-29,18.86,19.1,18.25,18.84,1057100.0,0.0,1.0,18.86,19.1,18.25,18.84,1057100.0
2009-06-26,17.79,19.8,17.46,19.24,5244700.0,0.0,1.0,17.79,19.8,17.46,19.24,5244700.0
2009-06-25,17.23,18.12,17.09,17.79,610100.0,0.0,1.0,17.23,18.12,17.09,17.79,610100.0
2009-06-24,17.15,17.65,16.87,17.17,656500.0,0.0,1.0,17.15,17.65,16.87,17.17,656500.0
2009-06-23,17.67,17.82,17.21,17.22,344600.0,0.0,1.0,17.67,17.82,17.21,17.22,344600.0
2009-06-22,18.06,18.16,17.42,17.67,596400.0,0.0,1.0,18.06,18.16,17.42,17.67,596400.0
2009-06-19,17.95,18.71,17.9,18.18,543400.0,0.0,1.0,17.95,18.71,17.9,18.18,543400.0
2009-06-18,17.55,18.12,17.47,18.01,577500.0,0.0,1.0,17.55,18.12,17.47,18.01,577500.0
2009-06-17,17.0,17.52,16.92,17.37,517300.0,0.0,1.0,17.0,17.52,16.92,17.37,517300.0
2009-06-16,17.32,17.71,16.9,16.98,611300.0,0.0,1.0,17.32,17.71,16.9,16.98,611300.0
2009-06-15,17.76,17.81,16.8,17.13,648200.0,0.0,1.0,17.76,17.81,16.8,17.13,648200.0
2009-06-12,18.19,18.26,17.63,17.87,584700.0,0.0,1.0,18.19,18.26,17.63,17.87,584700.0
2009-06-11,18.65,18.88,18.26,18.32,357800.0,0.0,1.0,18.65,18.88,18.26,18.32,357800.0
2009-06-10,18.95,19.05,18.45,18.83,355400.0,0.0,1.0,18.95,19.05,18.45,18.83,355400.0
2009-06-09,18.94,19.24,18.45,18.81,348000.0,0.0,1.0,18.94,19.24,18.45,18.81,348000.0
2009-06-08,19.08,19.33,18.65,18.94,356200.0,0.0,1.0,19.08,19.33,18.65,18.94,356200.0
2009-06-05,20.12,20.27,18.74,19.41,376100.0,0.0,1.0,20.12,20.27,18.74,19.41,376100.0
2009-06-04,19.48,19.98,18.82,19.88,504800.0,0.0,1.0,19.48,19.98,18.82,19.88,504800.0
2009-06-03,18.98,19.39,18.6,19.3,457600.0,0.0,1.0,18.98,19.39,18.6,19.3,457600.0
2009-06-02,19.31,20.05,18.84,19.49,769600.0,0.0,1.0,19.31,20.05,18.84,19.49,769600.0
2009-06-01,19.18,19.54,18.72,19.38,745100.0,0.0,1.0,19.18,19.54,18.72,19.38,745100.0
2009-05-29,19.21,19.29,18.66,19.0,641800.0,0.0,1.0,19.21,19.29,18.66,19.0,641800.0
2009-05-28,18.86,19.5,18.41,19.24,992300.0,0.0,1.0,18.86,19.5,18.41,19.24,992300.0
2009-05-27,19.18,19.45,18.64,18.75,987400.0,0.0,1.0,19.18,19.45,18.64,18.75,987400.0
2009-05-26,18.81,19.46,18.03,19.37,726800.0,0.0,1.0,18.81,19.46,18.03,19.37,726800.0
2009-05-22,19.09,19.43,18.53,18.91,584900.0,0.0,1.0,19.09,19.43,18.53,18.91,584900.0
2009-05-21,19.23,19.96,18.75,19.04,861400.0,0.0,1.0,19.23,19.96,18.75,19.04,861400.0
2009-05-20,20.39,20.55,19.15,19.39,1811300.0,0.0,1.0,20.39,20.55,19.15,19.39,1811300.0
2009-05-19,17.18,18.61,17.0,18.3,1383100.0,0.0,1.0,17.18,18.61,17.0,18.3,1383100.0
2009-05-18,16.64,17.51,15.58,17.25,1545500.0,0.0,1.0,16.64,17.51,15.58,17.25,1545500.0
2009-05-15,17.49,17.7,16.33,16.53,790700.0,0.0,1.0,17.49,17.7,16.33,16.53,790700.0
2009-05-14,16.85,17.66,16.55,17.29,666000.0,0.0,1.0,16.85,17.66,16.55,17.29,666000.0
2009-05-13,17.22,17.92,16.65,16.85,1363400.0,0.0,1.0,17.22,17.92,16.65,16.85,1363400.0
2009-05-12,18.77,18.87,17.36,17.64,885300.0,0.0,1.0,18.77,18.87,17.36,17.64,885300.0
2009-05-11,19.88,19.88,17.34,18.74,1533200.0,0.0,1.0,19.88,19.88,17.34,18.74,1533200.0
2009-05-08,20.18,20.91,20.01,20.15,783400.0,0.0,1.0,20.18,20.91,20.01,20.15,783400.0
2009-05-07,18.24,20.9,18.21,19.88,1676300.0,0.0,1.0,18.24,20.9,18.21,19.88,1676300.0
2009-05-06,18.4,18.91,17.92,18.11,897900.0,0.0,1.0,18.4,18.91,17.92,18.11,897900.0
2009-05-05,15.46,19.98,15.46,18.47,2976600.0,0.0,1.0,15.46,19.98,15.46,18.47,2976600.0
2009-05-04,15.19,15.66,15.0,15.62,441200.0,0.0,1.0,15.19,15.66,15.0,15.62,441200.0
2009-05-01,15.0,15.57,14.9,15.23,433400.0,0.0,1.0,15.0,15.57,14.9,15.23,433400.0
2009-04-30,14.58,15.33,14.45,15.01,674700.0,0.0,1.0,14.58,15.33,14.45,15.01,674700.0
2009-04-29,14.04,14.69,13.64,14.45,673400.0,0.0,1.0,14.04,14.69,13.64,14.45,673400.0
2009-04-28,13.36,14.42,13.36,13.94,546800.0,0.0,1.0,13.36,14.42,13.36,13.94,546800.0
2009-04-27,13.23,13.88,12.97,13.56,466400.0,0.0,1.0,13.23,13.88,12.97,13.56,466400.0
2009-04-24,13.59,14.11,13.05,13.34,814600.0,0.0,1.0,13.59,14.11,13.05,13.34,814600.0
2009-04-23,14.26,14.4,13.33,13.59,662000.0,0.0,1.0,14.26,14.4,13.33,13.59,662000.0
2009-04-22,13.78,14.57,13.53,14.21,359500.0,0.0,1.0,13.78,14.57,13.53,14.21,359500.0
2009-04-21,13.37,13.92,13.18,13.9,393900.0,0.0,1.0,13.37,13.92,13.18,13.9,393900.0
2009-04-20,14.37,14.53,13.44,13.46,497000.0,0.0,1.0,14.37,14.53,13.44,13.46,497000.0
2009-04-17,13.79,14.9,13.65,14.53,805500.0,0.0,1.0,13.79,14.9,13.65,14.53,805500.0
2009-04-16,13.93,14.41,13.35,13.81,797600.0,0.0,1.0,13.93,14.41,13.35,13.81,797600.0
2009-04-15,13.94,14.4,13.57,13.92,482000.0,0.0,1.0,13.94,14.4,13.57,13.92,482000.0
2009-04-14,13.72,14.24,13.38,13.96,558100.0,0.0,1.0,13.72,14.24,13.38,13.96,558100.0
2009-04-13,13.55,13.97,13.04,13.86,450300.0,0.0,1.0,13.55,13.97,13.04,13.86,450300.0
2009-04-09,12.74,13.66,12.62,13.35,579600.0,0.0,1.0,12.74,13.66,12.62,13.35,579600.0
2009-04-08,13.28,13.5,12.09,12.43,733600.0,0.0,1.0,13.28,13.5,12.09,12.43,733600.0
2009-04-07,12.12,13.62,12.12,13.21,596000.0,0.0,1.0,12.12,13.62,12.12,13.21,596000.0
2009-04-06,12.03,12.79,11.68,12.76,634200.0,0.0,1.0,12.03,12.79,11.68,12.76,634200.0
2009-04-03,12.62,13.13,11.85,12.11,393000.0,0.0,1.0,12.62,13.13,11.85,12.11,393000.0
2009-04-02,12.58,12.74,12.06,12.59,516600.0,0.0,1.0,12.58,12.74,12.06,12.59,516600.0
2009-04-01,10.95,11.88,10.86,11.82,416500.0,0.0,1.0,10.95,11.88,10.86,11.82,416500.0
2009-03-31,11.18,11.81,11.18,11.25,441500.0,0.0,1.0,11.18,11.81,11.18,11.25,441500.0
2009-03-30,11.25,11.25,10.51,10.97,411100.0,0.0,1.0,11.25,11.25,10.51,10.97,411100.0
2009-03-27,11.56,12.04,11.34,11.58,581300.0,0.0,1.0,11.56,12.04,11.34,11.58,581300.0
2009-03-26,11.35,12.14,11.32,11.74,820200.0,0.0,1.0,11.35,12.14,11.32,11.74,820200.0
2009-03-25,10.62,11.29,10.62,11.23,703100.0,0.0,1.0,10.62,11.29,10.62,11.23,703100.0
2009-03-24,10.28,11.49,10.09,10.56,2132500.0,0.0,1.0,10.28,11.49,10.09,10.56,2132500.0
2009-03-23,9.47,10.49,9.24,10.45,535800.0,0.0,1.0,9.47,10.49,9.24,10.45,535800.0
2009-03-20,9.61,9.77,8.78,9.04,514500.0,0.0,1.0,9.61,9.77,8.78,9.04,514500.0
2009-03-19,10.6,10.6,9.4,9.57,647100.0,0.0,1.0,10.6,10.6,9.4,9.57,647100.0
2009-03-18,8.93,10.69,8.88,10.15,875000.0,0.0,1.0,8.93,10.69,8.88,10.15,875000.0
2009-03-17,8.26,9.0,7.76,8.99,772400.0,0.0,1.0,8.26,9.0,7.76,8.99,772400.0
2009-03-16,8.62,8.66,8.01,8.04,483900.0,0.0,1.0,8.62,8.66,8.01,8.04,483900.0
2009-03-13,7.92,8.38,7.7,8.37,594100.0,0.0,1.0,7.92,8.38,7.7,8.37,594100.0
2009-03-12,6.86,8.0,6.65,7.94,781900.0,0.0,1.0,6.86,8.0,6.65,7.94,781900.0
2009-03-11,7.05,7.17,6.74,6.85,547100.0,0.0,1.0,7.05,7.17,6.74,6.85,547100.0
2009-03-10,6.34,7.16,6.23,7.0,783100.0,0.0,1.0,6.34,7.16,6.23,7.0,783100.0
2009-03-09,6.61,6.95,6.23,6.23,524100.0,0.0,1.0,6.61,6.95,6.23,6.23,524100.0
2009-03-06,6.5,6.86,6.38,6.64,1007600.0,0.0,1.0,6.5,6.86,6.38,6.64,1007600.0
2009-03-05,7.39,7.54,6.4,6.51,937800.0,0.0,1.0,7.39,7.54,6.4,6.51,937800.0
2009-03-04,7.52,7.72,6.91,7.52,1047000.0,0.0,1.0,7.52,7.72,6.91,7.52,1047000.0
2009-03-03,8.36,8.36,7.19,7.47,1413800.0,0.0,1.0,8.36,8.36,7.19,7.47,1413800.0
2009-03-02,8.93,8.94,7.44,7.54,1001800.0,0.0,1.0,8.93,8.94,7.44,7.54,1001800.0
2009-02-27,8.57,9.24,8.26,9.03,1177600.0,0.0,1.0,8.57,9.24,8.26,9.03,1177600.0
2009-02-26,9.66,9.82,8.72,8.76,1188200.0,0.0,1.0,9.66,9.82,8.72,8.76,1188200.0
2009-02-25,10.35,10.38,9.52,9.57,573300.0,0.0,1.0,10.35,10.38,9.52,9.57,573300.0
2009-02-24,9.54,10.44,9.45,10.34,607900.0,0.0,1.0,9.54,10.44,9.45,10.34,607900.0
2009-02-23,11.1,11.35,9.43,9.5,1710900.0,0.0,1.0,11.1,11.35,9.43,9.5,1710900.0
2009-02-20,10.94,11.72,10.63,11.05,1843000.0,0.0,1.0,10.94,11.72,10.63,11.05,1843000.0
2009-02-19,14.12,14.69,13.92,14.05,363400.0,0.0,1.0,14.12,14.69,13.92,14.05,363400.0
2009-02-18,14.49,14.52,13.97,14.05,332900.0,0.0,1.0,14.49,14.52,13.97,14.05,332900.0
2009-02-17,15.07,15.22,14.47,14.5,403500.0,0.0,1.0,15.07,15.22,14.47,14.5,403500.0
2009-02-13,15.57,15.72,15.18,15.57,409100.0,0.0,1.0,15.57,15.72,15.18,15.57,409100.0
2009-02-12,15.0,15.53,14.7,15.49,270700.0,0.0,1.0,15.0,15.53,14.7,15.49,270700.0
2009-02-11,15.3,15.56,14.97,15.26,239300.0,0.0,1.0,15.3,15.56,14.97,15.26,239300.0
2009-02-10,16.05,16.33,15.01,15.21,357300.0,0.0,1.0,16.05,16.33,15.01,15.21,357300.0
2009-02-09,16.2,16.82,16.1,16.46,374100.0,0.0,1.0,16.2,16.82,16.1,16.46,374100.0
2009-02-06,15.63,16.32,15.38,16.18,429900.0,0.0,1.0,15.63,16.32,15.38,16.18,429900.0
2009-02-05,15.33,15.75,14.49,15.68,352600.0,0.0,1.0,15.33,15.75,14.49,15.68,352600.0
2009-02-04,15.63,15.9,14.76,14.98,796000.0,0.0,1.0,15.63,15.9,14.76,14.98,796000.0
2009-02-03,15.76,15.98,15.21,15.63,729800.0,0.0,1.0,15.76,15.98,15.21,15.63,729800.0
2009-02-02,14.58,15.89,14.29,15.78,1012700.0,0.0,1.0,14.58,15.89,14.29,15.78,1012700.0
2009-01-30,15.09,15.33,14.65,14.78,695100.0,0.0,1.0,15.09,15.33,14.65,14.78,695100.0
2009-01-29,15.05,15.51,14.94,15.06,507600.0,0.0,1.0,15.05,15.51,14.94,15.06,507600.0
2009-01-28,14.75,15.84,14.65,15.44,650800.0,0.0,1.0,14.75,15.84,14.65,15.44,650800.0
2009-01-27,13.85,14.8,13.83,14.58,821700.0,0.0,1.0,13.85,14.8,13.83,14.58,821700.0
2009-01-26,13.31,14.62,13.31,13.76,2140500.0,0.0,1.0,13.31,14.62,13.31,13.76,2140500.0
2009-01-23,11.76,12.28,11.34,12.03,246000.0,0.0,1.0,11.76,12.28,11.34,12.03,246000.0
2009-01-22,11.44,12.35,11.38,11.97,498000.0,0.0,1.0,11.44,12.35,11.38,11.97,498000.0
2009-01-21,10.88,11.69,10.64,11.63,821100.0,0.0,1.0,10.88,11.69,10.64,11.63,821100.0
2009-01-20,11.57,11.57,10.5,10.58,501600.0,0.0,1.0,11.57,11.57,10.5,10.58,501600.0
2009-01-16,12.01,12.16,11.34,11.63,621800.0,0.0,1.0,12.01,12.16,11.34,11.63,621800.0
2009-01-15,12.12,12.37,11.32,11.94,615000.0,0.0,1.0,12.12,12.37,11.32,11.94,615000.0
2009-01-14,13.08,13.08,12.17,12.43,467000.0,0.0,1.0,13.08,13.08,12.17,12.43,467000.0
2009-01-13,13.3,13.78,12.72,13.22,732300.0,0.0,1.0,13.3,13.78,12.72,13.22,732300.0
2009-01-12,13.71,13.8,13.21,13.45,714100.0,0.0,1.0,13.71,13.8,13.21,13.45,714100.0
2009-01-09,14.29,14.29,13.14,13.66,623400.0,0.0,1.0,14.29,14.29,13.14,13.66,623400.0
2009-01-08,13.96,14.33,13.61,14.25,999500.0,0.0,1.0,13.96,14.33,13.61,14.25,999500.0
2009-01-07,14.8,14.89,13.51,13.9,989700.0,0.0,1.0,14.8,14.89,13.51,13.9,989700.0
2009-01-06,13.97,14.99,13.52,14.85,693100.0,0.0,1.0,13.97,14.99,13.52,14.85,693100.0
2009-01-05,13.81,14.07,13.44,13.72,613500.0,0.0,1.0,13.81,14.07,13.44,13.72,613500.0
2009-01-02,12.94,13.89,12.71,13.76,771700.0,0.0,1.0,12.94,13.89,12.71,13.76,771700.0
2008-12-31,12.65,13.07,12.4,12.86,680900.0,0.0,1.0,12.65,13.07,12.4,12.86,680900.0
2008-12-30,12.3,12.93,12.1,12.88,575600.0,0.0,1.0,12.3,12.93,12.1,12.88,575600.0
2008-12-29,12.5,12.79,12.17,12.3,415300.0,0.0,1.0,12.5,12.79,12.17,12.3,415300.0
2008-12-26,11.78,12.37,11.78,12.36,164200.0,0.0,1.0,11.78,12.37,11.78,12.36,164200.0
2008-12-24,11.64,11.93,11.29,11.79,134600.0,0.0,1.0,11.64,11.93,11.29,11.79,134600.0
2008-12-23,11.75,11.96,11.41,11.56,399400.0,0.0,1.0,11.75,11.96,11.41,11.56,399400.0
2008-12-22,12.56,12.58,11.27,11.69,607800.0,0.0,1.0,12.56,12.58,11.27,11.69,607800.0
2008-12-19,11.67,12.56,10.29,12.56,1109700.0,0.0,1.0,11.67,12.56,10.29,12.56,1109700.0
2008-12-18,11.41,11.85,11.15,11.65,619700.0,0.0,1.0,11.41,11.85,11.15,11.65,619700.0
2008-12-17,11.0,11.72,10.77,11.36,638600.0,0.0,1.0,11.0,11.72,10.77,11.36,638600.0
2008-12-16,10.58,11.28,10.56,11.09,731200.0,0.0,1.0,10.58,11.28,10.56,11.09,731200.0
2008-12-15,11.21,11.73,10.66,10.89,447200.0,0.0,1.0,11.21,11.73,10.66,10.89,447200.0
2008-12-12,11.32,11.36,10.61,11.19,938900.0,0.0,1.0,11.32,11.36,10.61,11.19,938900.0
2008-12-11,12.75,13.24,11.44,11.52,975400.0,0.0,1.0,12.75,13.24,11.44,11.52,975400.0
2008-12-10,12.09,12.57,12.08,12.5,452200.0,0.0,1.0,12.09,12.57,12.08,12.5,452200.0
2008-12-09,12.98,13.1,11.81,12.02,770100.0,0.0,1.0,12.98,13.1,11.81,12.02,770100.0
2008-12-08,12.36,13.23,12.36,13.13,1074000.0,0.0,1.0,12.36,13.23,12.36,13.13,1074000.0
2008-12-05,10.8,12.18,10.24,12.15,955400.0,0.0,1.0,10.8,12.18,10.24,12.15,955400.0
2008-12-04,10.21,11.14,10.21,10.8,760900.0,0.0,1.0,10.21,11.14,10.21,10.8,760900.0
2008-12-03,9.47,11.06,9.39,10.29,1027000.0,0.0,1.0,9.47,11.06,9.39,10.29,1027000.0
2008-12-02,8.88,9.82,8.74,9.71,1419900.0,0.0,1.0,8.88,9.82,8.74,9.71,1419900.0
2008-12-01,8.96,9.12,8.72,8.8,892700.0,0.0,1.0,8.96,9.12,8.72,8.8,892700.0
2008-11-28,8.65,8.97,8.55,8.96,235200.0,0.0,1.0,8.65,8.97,8.55,8.96,235200.0
2008-11-26,8.34,9.01,7.98,8.9,509000.0,0.0,1.0,8.34,9.01,7.98,8.9,509000.0
2008-11-25,7.81,8.65,7.46,8.34,1212000.0,0.0,1.0,7.81,8.65,7.46,8.34,1212000.0
2008-11-24,7.62,8.09,7.14,7.49,1179100.0,0.0,1.0,7.62,8.09,7.14,7.49,1179100.0
2008-11-21,7.07,7.6,6.63,7.6,859800.0,0.0,1.0,7.07,7.6,6.63,7.6,859800.0
2008-11-20,7.93,8.21,6.97,7.01,1056200.0,0.0,1.0,7.93,8.21,6.97,7.01,1056200.0
2008-11-19,8.95,9.17,8.01,8.02,994700.0,0.0,1.0,8.95,9.17,8.01,8.02,994700.0
2008-11-18,9.64,9.72,8.77,9.24,1283300.0,0.0,1.0,9.64,9.72,8.77,9.24,1283300.0
2008-11-17,9.79,9.79,8.51,9.43,1282500.0,0.0,1.0,9.79,9.79,8.51,9.43,1282500.0
2008-11-14,8.68,10.0,8.34,9.36,3913400.0,0.0,1.0,8.68,10.0,8.34,9.36,3913400.0
2008-11-13,10.82,11.67,6.12,9.1,14064600.0,0.0,1.0,10.82,11.67,6.12,9.1,14064600.0
2008-11-12,21.29,21.63,19.71,19.87,322800.0,0.0,1.0,21.29,21.63,19.71,19.87,322800.0
2008-11-11,22.4,22.4,21.51,21.99,220300.0,0.0,1.0,22.4,22.4,21.51,21.99,220300.0
2008-11-10,23.7,23.92,22.14,22.49,255500.0,0.0,1.0,23.7,23.92,22.14,22.49,255500.0
2008-11-07,23.82,24.18,23.1,23.27,294900.0,0.0,1.0,23.82,24.18,23.1,23.27,294900.0
2008-11-06,24.04,24.34,22.9,24.0,431100.0,0.0,1.0,24.04,24.34,22.9,24.0,431100.0
2008-11-05,24.99,25.82,23.99,24.2,344400.0,0.0,1.0,24.99,25.82,23.99,24.2,344400.0
2008-11-04,25.29,25.29,24.37,25.0,603700.0,0.0,1.0,25.29,25.29,24.37,25.0,603700.0
2008-11-03,24.45,25.3,23.97,24.7,629900.0,0.0,1.0,24.45,25.3,23.97,24.7,629900.0
2008-10-31,23.06,24.41,21.61,24.17,506900.0,0.0,1.0,23.06,24.41,21.61,24.17,506900.0
2008-10-30,21.93,23.1,21.65,22.92,524200.0,0.0,1.0,21.93,23.1,21.65,22.92,524200.0
2008-10-29,21.45,22.9,20.99,21.48,601400.0,0.0,1.0,21.45,22.9,20.99,21.48,601400.0
2008-10-28,20.8,21.65,19.73,21.65,584900.0,0.0,1.0,20.8,21.65,19.73,21.65,584900.0
2008-10-27,21.46,21.96,19.94,20.05,452600.0,0.0,1.0,21.46,21.96,19.94,20.05,452600.0
2008-10-24,23.07,23.07,21.65,22.11,607300.0,0.0,1.0,23.07,23.07,21.65,22.11,607300.0
2008-10-23,25.36,26.78,23.06,23.99,629200.0,0.0,1.0,25.36,26.78,23.06,23.99,629200.0
2008-10-22,27.02,27.28,25.0,26.08,604300.0,0.0,1.0,27.02,27.28,25.0,26.08,604300.0
2008-10-21,27.15,29.38,26.51,28.44,953800.0,0.0,1.0,27.15,29.38,26.51,28.44,953800.0
2008-10-20,27.08,27.96,26.25,27.26,505700.0,0.0,1.0,27.08,27.96,26.25,27.26,505700.0
2008-10-17,26.05,27.24,25.58,27.2,727400.0,0.0,1.0,26.05,27.24,25.58,27.2,727400.0
2008-10-16,24.75,27.32,24.15,27.18,1105700.0,0.0,1.0,24.75,27.32,24.15,27.18,1105700.0
2008-10-15,27.41,28.65,24.6,24.89,1513000.0,0.0,1.0,27.41,28.65,24.6,24.89,1513000.0
2008-10-14,27.76,28.25,26.59,27.98,840100.0,0.0,1.0,27.76,28.25,26.59,27.98,840100.0
2008-10-13,25.27,27.0,25.13,27.0,225800.0,0.0,1.0,25.27,27.0,25.13,27.0,225800.0
2008-10-10,24.26,24.89,21.56,24.1,1285900.0,0.0,1.0,24.26,24.89,21.56,24.1,1285900.0
2008-10-09,27.37,28.09,25.0,25.77,712000.0,0.0,1.0,27.37,28.09,25.0,25.77,712000.0
2008-10-08,27.35,28.48,27.02,27.24,588000.0,0.0,1.0,27.35,28.48,27.02,27.24,588000.0
2008-10-07,32.5,32.5,27.5,28.27,1139600.0,0.0,1.0,32.5,32.5,27.5,28.27,1139600.0
2008-10-06,31.3,31.88,25.75,27.46,1117400.0,0.0,1.0,31.3,31.88,25.75,27.46,1117400.0
2008-10-03,35.05,35.75,31.06,31.16,497300.0,0.0,1.0,35.05,35.75,31.06,31.16,497300.0
2008-10-02,35.11,35.45,34.5,35.06,422000.0,0.0,1.0,35.11,35.45,34.5,35.06,422000.0
2008-10-01,35.58,35.86,34.89,35.63,279700.0,0.0,1.0,35.58,35.86,34.89,35.63,279700.0
2008-09-30,36.99,36.99,34.27,36.0,322700.0,0.0,1.0,36.99,36.99,34.27,36.0,322700.0
2008-09-29,35.21,36.01,35.0,36.0,507400.0,0.0,1.0,35.21,36.01,35.0,36.0,507400.0
2008-09-26,34.23,36.0,34.23,36.0,222300.0,0.0,1.0,34.23,36.0,34.23,36.0,222300.0
2008-09-25,36.06,37.99,34.02,34.74,694700.0,0.0,1.0,36.06,37.99,34.02,34.74,694700.0
2008-09-24,36.87,41.3,35.9,35.9,267500.0,0.0,1.0,36.87,41.3,35.9,35.9,267500.0
2008-09-23,38.67,39.31,36.01,37.0,325600.0,0.0,1.0,38.67,39.31,36.01,37.0,325600.0
2008-09-22,41.38,41.38,38.32,38.67,276100.0,0.0,1.0,41.38,41.38,38.32,38.67,276100.0
2008-09-19,41.07,42.0,37.8,42.0,725900.0,0.0,1.0,41.07,42.0,37.8,42.0,725900.0
2008-09-18,36.03,37.32,34.53,36.39,702400.0,0.0,1.0,36.03,37.32,34.53,36.39,702400.0
2008-09-17,39.11,39.11,35.06,36.16,997800.0,0.0,1.0,39.11,39.11,35.06,36.16,997800.0
2008-09-16,39.06,39.2,37.27,38.59,981900.0,0.0,1.0,39.06,39.2,37.27,38.59,981900.0
2008-09-15,39.95,41.58,39.81,39.88,585900.0,0.0,1.0,39.95,41.58,39.81,39.88,585900.0
2008-09-12,41.8,42.64,40.8,42.64,581500.0,0.0,1.0,41.8,42.64,40.8,42.64,581500.0
2008-09-11,41.12,42.39,40.57,42.0,577900.0,0.0,1.0,41.12,42.39,40.57,42.0,577900.0
2008-09-10,40.77,41.64,40.64,41.4,618400.0,0.0,1.0,40.77,41.64,40.64,41.4,618400.0
2008-09-09,41.0,41.2,40.45,40.97,1107400.0,0.0,1.0,41.0,41.2,40.45,40.97,1107400.0
2008-09-08,40.78,41.72,40.32,41.03,386200.0,0.0,1.0,40.78,41.72,40.32,41.03,386200.0
2008-09-05,40.94,40.95,39.5,40.53,501500.0,0.0,1.0,40.94,40.95,39.5,40.53,501500.0
2008-09-04,40.71,41.97,40.2,41.14,683400.0,0.0,1.0,40.71,41.97,40.2,41.14,683400.0
2008-09-03,41.67,41.69,40.57,41.03,496500.0,0.0,1.0,41.67,41.69,40.57,41.03,496500.0
2008-09-02,42.23,43.19,40.87,41.54,597700.0,0.0,1.0,42.23,43.19,40.87,41.54,597700.0
2008-08-29,41.68,42.46,41.6,41.76,268100.0,0.0,1.0,41.68,42.46,41.6,41.76,268100.0
2008-08-28,42.26,42.26,41.07,41.67,498300.0,0.0,1.0,42.26,42.26,41.07,41.67,498300.0
2008-08-27,40.82,42.14,40.16,41.69,465000.0,0.0,1.0,40.82,42.14,40.16,41.69,465000.0
2008-08-26,41.07,43.24,40.25,40.72,738100.0,0.0,1.0,41.07,43.24,40.25,40.72,738100.0
2008-08-25,42.22,42.43,40.81,41.07,334500.0,0.0,1.0,42.22,42.43,40.81,41.07,334500.0
2008-08-22,42.82,43.35,41.84,42.31,395400.0,0.0,1.0,42.82,43.35,41.84,42.31,395400.0
2008-08-21,42.06,43.26,42.01,42.45,528100.0,0.0,1.0,42.06,43.26,42.01,42.45,528100.0
2008-08-20,42.42,42.6,40.75,41.56,904200.0,0.0,1.0,42.42,42.6,40.75,41.56,904200.0
2008-08-19,44.25,45.65,41.64,42.37,3448600.0,0.0,1.0,44.25,45.65,41.64,42.37,3448600.0
2008-08-18,39.85,40.0,38.15,38.24,394000.0,0.0,1.0,39.85,40.0,38.15,38.24,394000.0
2008-08-15,38.16,40.02,38.16,39.81,419900.0,0.0,1.0,38.16,40.02,38.16,39.81,419900.0
2008-08-14,38.11,39.65,37.47,38.11,591700.0,0.0,1.0,38.11,39.65,37.47,38.11,591700.0
2008-08-13,38.29,39.73,37.33,38.19,1381500.0,0.0,1.0,38.29,39.73,37.33,38.19,1381500.0
2008-08-12,42.17,43.41,41.82,42.2,409800.0,0.0,1.0,42.17,43.41,41.82,42.2,409800.0
2008-08-11,42.9,43.65,42.1,42.63,740200.0,0.0,1.0,42.9,43.65,42.1,42.63,740200.0
2008-08-08,39.71,43.65,39.1,43.38,1539900.0,0.0,1.0,39.71,43.65,39.1,43.38,1539900.0
2008-08-07,40.39,40.78,39.25,39.71,632900.0,0.0,1.0,40.39,40.78,39.25,39.71,632900.0
2008-08-06,39.29,41.2,39.29,41.09,437700.0,0.0,1.0,39.29,41.2,39.29,41.09,437700.0
2008-08-05,39.37,40.68,38.54,40.27,437700.0,0.0,1.0,39.37,40.68,38.54,40.27,437700.0
2008-08-04,39.03,40.11,37.71,39.3,565200.0,0.0,1.0,39.03,40.11,37.71,39.3,565200.0
2008-08-01,39.31,39.4,37.1,38.64,488200.0,0.0,1.0,39.31,39.4,37.1,38.64,488200.0
2008-07-31,36.68,39.79,36.01,39.33,915000.0,0.0,1.0,36.68,39.79,36.01,39.33,915000.0
2008-07-30,36.32,37.15,35.86,36.8,399700.0,0.0,1.0,36.32,37.15,35.86,36.8,399700.0
2008-07-29,36.62,37.73,36.0,36.23,403300.0,0.0,1.0,36.62,37.73,36.0,36.23,403300.0
2008-07-28,36.23,37.79,36.0,36.46,699800.0,0.0,1.0,36.23,37.79,36.0,36.46,699800.0
2008-07-25,36.94,37.17,36.06,36.16,523400.0,0.0,1.0,36.94,37.17,36.06,36.16,523400.0
2008-07-24,38.06,38.06,36.36,36.89,835300.0,0.0,1.0,38.06,38.06,36.36,36.89,835300.0
2008-07-23,36.6,38.5,36.13,38.2,1461600.0,0.0,1.0,36.6,38.5,36.13,38.2,1461600.0
2008-07-22,33.15,38.97,32.66,36.25,3729300.0,0.0,1.0,33.15,38.97,32.66,36.25,3729300.0
2008-07-21,31.59,31.68,29.16,29.23,1098800.0,0.0,1.0,31.59,31.68,29.16,29.23,1098800.0
2008-07-18,30.2,31.93,29.84,31.56,1229100.0,0.0,1.0,30.2,31.93,29.84,31.56,1229100.0
2008-07-17,27.07,30.55,27.0,30.55,1846900.0,0.0,1.0,27.07,30.55,27.0,30.55,1846900.0
2008-07-16,30.72,30.84,26.3,26.63,2133600.0,0.0,1.0,30.72,30.84,26.3,26.63,2133600.0
2008-07-15,30.37,31.24,29.37,31.01,827100.0,0.0,1.0,30.37,31.24,29.37,31.01,827100.0
2008-07-14,29.26,30.93,29.26,30.67,902700.0,0.0,1.0,29.26,30.93,29.26,30.67,902700.0
2008-07-11,29.76,30.9,29.0,29.23,1842600.0,0.0,1.0,29.76,30.9,29.0,29.23,1842600.0
2008-07-10,36.05,36.05,31.18,32.06,2680900.0,0.0,1.0,36.05,36.05,31.18,32.06,2680900.0
2008-07-09,36.28,37.92,36.26,36.7,634000.0,0.0,1.0,36.28,37.92,36.26,36.7,634000.0
2008-07-08,36.15,36.37,35.54,36.19,862700.0,0.0,1.0,36.15,36.37,35.54,36.19,862700.0
2008-07-07,36.99,37.44,35.17,36.0,1090600.0,0.0,1.0,36.99,37.44,35.17,36.0,1090600.0
2008-07-03,36.09,36.39,34.74,36.39,677600.0,0.0,1.0,36.09,36.39,34.74,36.39,677600.0
2008-07-02,36.93,37.26,35.94,36.24,1040800.0,0.0,1.0,36.93,37.26,35.94,36.24,1040800.0
2008-07-01,36.07,37.55,36.0,36.35,1238000.0,0.0,1.0,36.07,37.55,36.0,36.35,1238000.0
2008-06-30,35.7,36.87,35.7,36.15,894500.0,0.0,1.0,35.7,36.87,35.7,36.15,894500.0
2008-06-27,35.89,35.94,34.01,35.7,835100.0,0.0,1.0,35.89,35.94,34.01,35.7,835100.0
2008-06-26,37.3,37.51,35.57,35.59,827900.0,0.0,1.0,37.3,37.51,35.57,35.59,827900.0
2008-06-25,37.43,38.28,36.65,37.3,591000.0,0.0,1.0,37.43,38.28,36.65,37.3,591000.0
2008-06-24,36.58,38.2,36.51,37.06,1223600.0,0.0,1.0,36.58,38.2,36.51,37.06,1223600.0
2008-06-23,40.94,41.1,36.79,36.96,1133400.0,0.0,1.0,40.94,41.1,36.79,36.96,1133400.0
2008-06-20,40.02,41.56,39.02,40.75,1056000.0,0.0,1.0,40.02,41.56,39.02,40.75,1056000.0
2008-06-19,44.79,45.35,40.28,40.28,2373300.0,0.0,1.0,44.79,45.35,40.28,40.28,2373300.0
2008-06-18,49.0,49.0,47.92,47.93,219200.0,0.0,1.0,49.0,49.0,47.92,47.93,219200.0
2008-06-17,48.69,48.96,48.4,48.5,235300.0,0.0,1.0,48.69,48.96,48.4,48.5,235300.0
2008-06-16,47.09,48.71,47.09,48.53,272900.0,0.0,1.0,47.09,48.71,47.09,48.53,272900.0
2008-06-13,48.48,48.48,46.45,47.57,679500.0,0.0,1.0,48.48,48.48,46.45,47.57,679500.0
2008-06-12,49.23,49.54,47.6,47.9,770100.0,0.0,1.0,49.23,49.54,47.6,47.9,770100.0
2008-06-11,49.94,49.94,48.51,49.36,363600.0,0.0,1.0,49.94,49.94,48.51,49.36,363600.0
2008-06-10,50.19,50.19,49.42,49.9,454900.0,0.0,1.0,50.19,50.19,49.42,49.9,454900.0
2008-06-09,51.32,51.88,49.73,50.34,539700.0,0.0,1.0,51.32,51.88,49.73,50.34,539700.0
2008-06-06,52.67,53.07,51.08,51.31,549100.0,0.0,1.0,52.67,53.07,51.08,51.31,549100.0
2008-06-05,53.32,53.7,52.41,53.5,453600.0,0.0,1.0,53.32,53.7,52.41,53.5,453600.0
2008-06-04,53.29,53.66,52.56,53.21,361900.0,0.0,1.0,53.29,53.66,52.56,53.21,361900.0
2008-06-03,53.0,53.76,52.71,53.2,529000.0,0.0,1.0,53.0,53.76,52.71,53.2,529000.0
2008-06-02,55.48,55.73,51.42,52.5,912700.0,0.0,1.0,55.48,55.73,51.42,52.5,912700.0
2008-05-30,53.35,55.41,53.29,55.18,670800.0,0.0,1.0,53.35,55.41,53.29,55.18,670800.0
2008-05-29,52.8,53.5,52.69,52.9,518800.0,0.0,1.0,52.8,53.5,52.69,52.9,518800.0
2008-05-28,52.31,52.91,51.92,52.69,401000.0,0.0,1.0,52.31,52.91,51.92,52.69,401000.0
2008-05-27,52.3,52.51,51.84,52.37,273500.0,0.0,1.0,52.3,52.51,51.84,52.37,273500.0
2008-05-23,53.17,53.49,51.81,52.5,613600.0,0.0,1.0,53.17,53.49,51.81,52.5,613600.0
2008-05-22,51.77,53.19,51.2,53.0,569500.0,0.0,1.0,51.77,53.19,51.2,53.0,569500.0
2008-05-21,52.05,53.04,51.23,51.87,835100.0,0.0,1.0,52.05,53.04,51.23,51.87,835100.0
2008-05-20,50.55,52.31,50.07,51.77,651300.0,0.0,1.0,50.55,52.31,50.07,51.77,651300.0
2008-05-19,51.24,51.98,50.46,51.1,627800.0,0.0,1.0,51.24,51.98,50.46,51.1,627800.0
2008-05-16,50.0,51.95,49.64,51.28,1763300.0,0.0,1.0,50.0,51.95,49.64,51.28,1763300.0
2008-05-15,48.58,50.93,48.55,50.49,1503400.0,0.0,1.0,48.58,50.93,48.55,50.49,1503400.0
2008-05-14,47.46,49.73,47.04,49.05,1336100.0,0.0,1.0,47.46,49.73,47.04,49.05,1336100.0
2008-05-13,49.0,49.9,48.33,49.37,822300.0,0.0,1.0,49.0,49.9,48.33,49.37,822300.0
2008-05-12,47.99,49.8,46.86,49.31,1621700.0,0.0,1.0,47.99,49.8,46.86,49.31,1621700.0
2008-05-09,48.79,49.0,47.07,48.0,1021100.0,0.0,1.0,48.79,49.0,47.07,48.0,1021100.0
2008-05-08,46.4,50.94,46.2,48.84,2556400.0,0.0,1.0,46.4,50.94,46.2,48.84,2556400.0
2008-05-07,43.94,47.0,43.68,46.49,1004200.0,0.0,1.0,43.94,47.0,43.68,46.49,1004200.0
2008-05-06,43.11,43.84,42.67,43.67,426100.0,0.0,1.0,43.11,43.84,42.67,43.67,426100.0
2008-05-05,42.4,43.18,41.83,43.11,473000.0,0.0,1.0,42.4,43.18,41.83,43.11,473000.0
2008-05-02,43.11,43.71,42.4,42.5,751600.0,0.0,1.0,43.11,43.71,42.4,42.5,751600.0
2008-05-01,43.62,43.62,41.95,43.01,614300.0,0.0,1.0,43.62,43.62,41.95,43.01,614300.0
2008-04-30,42.46,43.78,42.22,43.78,517400.0,0.0,1.0,42.46,43.78,42.22,43.78,517400.0
2008-04-29,40.9,42.54,40.72,42.54,601600.0,0.0,1.0,40.9,42.54,40.72,42.54,601600.0
2008-04-28,41.89,42.37,40.99,41.02,579900.0,0.0,1.0,41.89,42.37,40.99,41.02,579900.0
2008-04-25,40.52,41.92,40.5,41.84,734200.0,0.0,1.0,40.52,41.92,40.5,41.84,734200.0
2008-04-24,41.77,41.77,40.25,40.52,636800.0,0.0,1.0,41.77,41.77,40.25,40.52,636800.0
2008-04-23,39.77,41.26,39.29,40.81,824300.0,0.0,1.0,39.77,41.26,39.29,40.81,824300.0
2008-04-22,41.12,41.56,40.19,40.3,734800.0,0.0,1.0,41.12,41.56,40.19,40.3,734800.0
2008-04-21,42.91,43.3,41.92,42.6,1220100.0,0.0,1.0,42.91,43.3,41.92,42.6,1220100.0
2008-04-18,41.05,42.6,40.75,42.52,1308700.0,0.0,1.0,41.05,42.6,40.75,42.52,1308700.0
2008-04-17,40.0,40.75,39.9,40.75,585700.0,0.0,1.0,40.0,40.75,39.9,40.75,585700.0
2008-04-16,40.44,40.78,39.9,40.1,674800.0,0.0,1.0,40.44,40.78,39.9,40.1,674800.0
2008-04-15,40.55,40.74,39.9,40.23,866500.0,0.0,1.0,40.55,40.74,39.9,40.23,866500.0
2008-04-14,40.4,40.87,39.85,40.53,501200.0,0.0,1.0,40.4,40.87,39.85,40.53,501200.0
2008-04-11,41.2,41.68,40.4,40.6,498100.0,0.0,1.0,41.2,41.68,40.4,40.6,498100.0
2008-04-10,40.24,42.64,39.76,41.24,1694900.0,0.0,1.0,40.24,42.64,39.76,41.24,1694900.0
2008-04-09,40.99,41.0,39.75,40.08,428800.0,0.0,1.0,40.99,41.0,39.75,40.08,428800.0
2008-04-08,39.99,41.0,39.6,40.47,745700.0,0.0,1.0,39.99,41.0,39.6,40.47,745700.0
2008-04-07,40.6,40.67,39.81,40.0,763000.0,0.0,1.0,40.6,40.67,39.81,40.0,763000.0
2008-04-04,40.5,40.93,39.95,40.3,516100.0,0.0,1.0,40.5,40.93,39.95,40.3,516100.0
2008-04-03,41.45,41.45,39.65,40.17,749600.0,0.0,1.0,41.45,41.45,39.65,40.17,749600.0
2008-04-02,39.75,41.37,39.5,40.34,912300.0,0.0,1.0,39.75,41.37,39.5,40.34,912300.0
2008-04-01,39.26,40.25,39.11,39.7,655900.0,0.0,1.0,39.26,40.25,39.11,39.7,655900.0
2008-03-31,38.76,39.64,38.76,38.95,753400.0,0.0,1.0,38.76,39.64,38.76,38.95,753400.0
2008-03-28,39.4,39.94,38.75,39.21,653700.0,0.0,1.0,39.4,39.94,38.75,39.21,653700.0
2008-03-27,38.74,39.18,38.6,39.15,496200.0,0.0,1.0,38.74,39.18,38.6,39.15,496200.0
2008-03-26,39.2,39.2,37.82,38.7,449900.0,0.0,1.0,39.2,39.2,37.82,38.7,449900.0
2008-03-25,37.6,38.67,37.6,38.27,463900.0,0.0,1.0,37.6,38.67,37.6,38.27,463900.0
2008-03-24,37.89,38.46,36.87,37.62,596400.0,0.0,1.0,37.89,38.46,36.87,37.62,596400.0
2008-03-20,36.13,37.19,35.65,36.85,690100.0,0.0,1.0,36.13,37.19,35.65,36.85,690100.0
2008-03-19,37.49,38.34,36.31,36.48,592100.0,0.0,1.0,37.49,38.34,36.31,36.48,592100.0
2008-03-18,37.52,38.71,36.45,38.04,807700.0,0.0,1.0,37.52,38.71,36.45,38.04,807700.0
2008-03-17,36.0,38.53,35.42,37.43,940500.0,0.0,1.0,36.0,38.53,35.42,37.43,940500.0
2008-03-14,38.49,38.49,36.47,37.19,720300.0,0.0,1.0,38.49,38.49,36.47,37.19,720300.0
2008-03-13,36.29,37.89,35.53,37.25,1439800.0,0.0,1.0,36.29,37.89,35.53,37.25,1439800.0
2008-03-12,32.43,36.58,31.3,36.35,4473700.0,0.0,1.0,32.43,36.58,31.3,36.35,4473700.0
2008-03-11,41.81,42.64,36.73,37.53,3244400.0,0.0,1.0,41.81,42.64,36.73,37.53,3244400.0
2008-03-10,44.09,46.43,44.09,44.65,596400.0,0.0,1.0,44.09,46.43,44.09,44.65,596400.0
2008-03-07,43.0,44.97,42.26,43.88,664300.0,0.0,1.0,43.0,44.97,42.26,43.88,664300.0
2008-03-06,45.1,45.21,43.32,43.45,591600.0,0.0,1.0,45.1,45.21,43.32,43.45,591600.0
2008-03-05,44.96,46.29,44.8,45.25,708900.0,0.0,1.0,44.96,46.29,44.8,45.25,708900.0
2008-03-04,45.65,46.39,44.6,45.16,761500.0,0.0,1.0,45.65,46.39,44.6,45.16,761500.0
2008-03-03,47.69,47.84,45.88,46.64,855300.0,0.0,1.0,47.69,47.84,45.88,46.64,855300.0
2008-02-29,48.49,49.01,47.5,47.74,613600.0,0.0,1.0,48.49,49.01,47.5,47.74,613600.0
2008-02-28,50.02,51.0,48.52,48.77,492900.0,0.0,1.0,50.02,51.0,48.52,48.77,492900.0
2008-02-27,49.02,50.79,49.02,50.16,385200.0,0.0,1.0,49.02,50.79,49.02,50.16,385200.0
2008-02-26,49.87,51.7,49.68,50.23,572800.0,0.0,1.0,49.87,51.7,49.68,50.23,572800.0
2008-02-25,50.85,51.0,48.71,50.78,679100.0,0.0,1.0,50.85,51.0,48.71,50.78,679100.0
2008-02-22,52.16,52.43,50.16,51.0,502400.0,0.0,1.0,52.16,52.43,50.16,51.0,502400.0
2008-02-21,53.46,53.9,52.08,52.15,421700.0,0.0,1.0,53.46,53.9,52.08,52.15,421700.0
2008-02-20,53.8,53.8,51.87,53.21,580700.0,0.0,1.0,53.8,53.8,51.87,53.21,580700.0
2008-02-19,54.21,54.98,52.2,52.84,844100.0,0.0,1.0,54.21,54.98,52.2,52.84,844100.0
2008-02-15,50.0,54.44,50.0,54.11,1460700.0,0.0,1.0,50.0,54.44,50.0,54.11,1460700.0
2008-02-14,48.51,53.17,48.51,51.04,4165300.0,0.0,1.0,48.51,53.17,48.51,51.04,4165300.0
2008-02-13,49.99,49.99,44.62,48.59,2838400.0,0.0,1.0,49.99,49.99,44.62,48.59,2838400.0
2008-02-12,48.0,49.81,48.0,49.48,377800.0,0.0,1.0,48.0,49.81,48.0,49.48,377800.0
2008-02-11,50.75,50.75,47.5,48.68,610000.0,0.0,1.0,50.75,50.75,47.5,48.68,610000.0
2008-02-08,50.51,51.16,49.24,49.8,753000.0,0.0,1.0,50.51,51.16,49.24,49.8,753000.0
2008-02-07,48.45,51.5,48.45,51.07,810000.0,0.0,1.0,48.45,51.5,48.45,51.07,810000.0
2008-02-06,48.27,50.51,47.55,49.64,1081800.0,0.0,1.0,48.27,50.51,47.55,49.64,1081800.0
2008-02-05,49.5,49.5,47.39,47.71,637000.0,0.0,1.0,49.5,49.5,47.39,47.71,637000.0
2008-02-04,48.18,49.25,47.64,49.03,954900.0,0.0,1.0,48.18,49.25,47.64,49.03,954900.0
2008-02-01,48.43,48.43,46.57,47.57,809300.0,0.0,1.0,48.43,48.43,46.57,47.57,809300.0
2008-01-31,47.22,48.05,46.07,46.9,1239500.0,0.0,1.0,47.22,48.05,46.07,46.9,1239500.0
2008-01-30,47.72,48.61,46.56,47.18,951400.0,0.0,1.0,47.72,48.61,46.56,47.18,951400.0
2008-01-29,48.11,48.11,46.02,47.18,784000.0,0.0,1.0,48.11,48.11,46.02,47.18,784000.0
2008-01-28,45.99,49.38,45.6,48.08,2205600.0,0.0,1.0,45.99,49.38,45.6,48.08,2205600.0
2008-01-25,43.21,46.8,41.25,43.12,2671900.0,0.0,1.0,43.21,46.8,41.25,43.12,2671900.0
2008-01-24,48.6,48.6,40.56,42.25,4993000.0,0.0,1.0,48.6,48.6,40.56,42.25,4993000.0
2008-01-23,51.97,53.3,44.25,50.94,3653000.0,0.0,1.0,51.97,53.3,44.25,50.94,3653000.0
2008-01-22,51.01,54.14,50.91,52.4,1950300.0,0.0,1.0,51.01,54.14,50.91,52.4,1950300.0
2008-01-18,54.55,55.35,52.0,53.86,1276600.0,0.0,1.0,54.55,55.35,52.0,53.86,1276600.0
2008-01-17,55.22,57.33,52.82,53.4,1951700.0,0.0,1.0,55.22,57.33,52.82,53.4,1951700.0
2008-01-16,55.1,56.09,53.07,54.25,1394600.0,0.0,1.0,55.1,56.09,53.07,54.25,1394600.0
2008-01-15,56.23,58.72,55.02,56.13,2688500.0,0.0,1.0,56.23,58.72,55.02,56.13,2688500.0
2008-01-14,50.56,58.73,49.55,56.43,6697600.0,0.0,1.0,50.56,58.73,49.55,56.43,6697600.0
2008-01-11,47.5,47.5,46.75,46.99,577900.0,0.0,1.0,47.5,47.5,46.75,46.99,577900.0
2008-01-10,46.7,47.8,45.08,47.09,1226700.0,0.0,1.0,46.7,47.8,45.08,47.09,1226700.0
2008-01-09,45.01,46.35,44.77,46.18,792500.0,0.0,1.0,45.01,46.35,44.77,46.18,792500.0
2008-01-08,47.02,47.68,45.15,45.6,1303300.0,0.0,1.0,47.02,47.68,45.15,45.6,1303300.0
2008-01-07,46.74,47.25,44.9,46.91,1160600.0,0.0,1.0,46.74,47.25,44.9,46.91,1160600.0
2008-01-04,47.0,47.0,44.8,46.41,1293300.0,0.0,1.0,47.0,47.0,44.8,46.41,1293300.0
2008-01-03,43.61,47.0,43.5,46.16,2118300.0,0.0,1.0,43.61,47.0,43.5,46.16,2118300.0
2008-01-02,42.01,42.7,41.71,41.99,400200.0,0.0,1.0,42.01,42.7,41.71,41.99,400200.0
2007-12-31,41.69,42.57,41.58,42.41,476200.0,0.0,1.0,41.69,42.57,41.58,42.41,476200.0
2007-12-28,42.26,42.39,41.68,42.17,320100.0,0.0,1.0,42.26,42.39,41.68,42.17,320100.0
2007-12-27,41.96,42.26,41.44,41.86,461400.0,0.0,1.0,41.96,42.26,41.44,41.86,461400.0
2007-12-26,41.2,42.87,40.96,42.39,423000.0,0.0,1.0,41.2,42.87,40.96,42.39,423000.0
2007-12-24,41.25,42.36,40.45,41.95,355100.0,0.0,1.0,41.25,42.36,40.45,41.95,355100.0
2007-12-21,43.88,43.88,41.61,41.95,767700.0,0.0,1.0,43.88,43.88,41.61,41.95,767700.0
2007-12-20,42.49,43.54,42.26,43.1,508600.0,0.0,1.0,42.49,43.54,42.26,43.1,508600.0
2007-12-19,41.36,42.94,40.7,42.42,729900.0,0.0,1.0,41.36,42.94,40.7,42.42,729900.0
2007-12-18,42.96,43.74,41.15,41.94,1492500.0,0.0,1.0,42.96,43.74,41.15,41.94,1492500.0
2007-12-17,47.69,48.2,37.5,42.8,4866800.0,0.0,1.0,47.69,48.2,37.5,42.8,4866800.0
2007-12-14,48.24,48.24,46.51,46.89,907200.0,0.0,1.0,48.24,48.24,46.51,46.89,907200.0
2007-12-13,47.29,48.29,45.84,48.29,1144000.0,0.0,1.0,47.29,48.29,45.84,48.29,1144000.0
2007-12-12,47.55,49.55,46.94,47.34,2119600.0,0.0,1.0,47.55,49.55,46.94,47.34,2119600.0
2007-12-11,46.1,48.39,45.65,46.62,3140700.0,0.0,1.0,46.1,48.39,45.65,46.62,3140700.0
2007-12-10,44.37,45.44,44.04,45.25,2611300.0,0.0,1.0,44.37,45.44,44.04,45.25,2611300.0
2007-12-07,45.0,45.2,42.28,43.21,2271400.0,0.0,1.0,45.0,45.2,42.28,43.21,2271400.0
2007-12-06,42.4,44.52,42.01,44.48,1897600.0,0.0,1.0,42.4,44.52,42.01,44.48,1897600.0
2007-12-05,41.13,44.15,40.74,41.72,3717200.0,0.0,1.0,41.13,44.15,40.74,41.72,3717200.0
2007-12-04,39.0,40.78,39.0,40.69,1365500.0,0.0,1.0,39.0,40.78,39.0,40.69,1365500.0
2007-12-03,39.22,39.44,38.04,39.27,1040500.0,0.0,1.0,39.22,39.44,38.04,39.27,1040500.0
2007-11-30,41.0,41.41,38.61,38.91,1577000.0,0.0,1.0,41.0,41.41,38.61,38.91,1577000.0
2007-11-29,40.0,41.17,39.16,40.1,2894900.0,0.0,1.0,40.0,41.17,39.16,40.1,2894900.0
2007-11-28,36.76,37.58,36.53,36.57,1173800.0,0.0,1.0,36.76,37.58,36.53,36.57,1173800.0
2007-11-27,37.68,38.2,36.34,36.68,1398100.0,0.0,1.0,37.68,38.2,36.34,36.68,1398100.0
2007-11-26,39.09,39.52,37.25,37.38,1439800.0,0.0,1.0,39.09,39.52,37.25,37.38,1439800.0
2007-11-23,37.52,39.4,37.35,38.98,1454300.0,0.0,1.0,37.52,39.4,37.35,38.98,1454300.0
2007-11-21,37.39,37.55,35.67,37.11,1367700.0,0.0,1.0,37.39,37.55,35.67,37.11,1367700.0
2007-11-20,37.77,38.91,36.69,37.48,4459400.0,0.0,1.0,37.77,38.91,36.69,37.48,4459400.0
2007-11-19,33.68,36.21,33.05,35.01,3661600.0,0.0,1.0,33.68,36.21,33.05,35.01,3661600.0
2007-11-16,33.64,34.43,33.2,34.2,1128600.0,0.0,1.0,33.64,34.43,33.2,34.2,1128600.0
2007-11-15,33.85,34.5,33.29,33.75,1123200.0,0.0,1.0,33.85,34.5,33.29,33.75,1123200.0
2007-11-14,36.0,36.0,32.5,34.61,3020000.0,0.0,1.0,36.0,36.0,32.5,34.61,3020000.0
2007-11-13,35.78,36.46,34.76,35.37,2658500.0,0.0,1.0,35.78,36.46,34.76,35.37,2658500.0
2007-11-12,33.72,35.96,32.79,35.3,4914400.0,0.0,1.0,33.72,35.96,32.79,35.3,4914400.0
2007-11-09,31.0,34.16,30.61,33.35,3886800.0,0.0,1.0,31.0,34.16,30.61,33.35,3886800.0
2007-11-08,32.01,32.82,30.06,32.0,2725900.0,0.0,1.0,32.01,32.82,30.06,32.0,2725900.0
2007-11-07,33.06,34.38,31.5,31.75,4131100.0,0.0,1.0,33.06,34.38,31.5,31.75,4131100.0
2007-11-06,35.83,36.24,33.9,35.54,5550600.0,0.0,1.0,35.83,36.24,33.9,35.54,5550600.0
2007-11-05,33.68,39.55,31.56,33.3,20844600.0,0.0,1.0,33.68,39.55,31.56,33.3,20844600.0
2007-11-02,23.89,27.94,23.01,27.37,12625600.0,0.0,1.0,23.89,27.94,23.01,27.37,12625600.0
2007-11-01,22.93,26.65,22.5,22.87,8990800.0,0.0,1.0,22.93,26.65,22.5,22.87,8990800.0
2007-10-31,22.4,25.86,20.81,24.19,17208200.0,0.0,1.0,22.4,25.86,20.81,24.19,17208200.0
2007-10-30,28.34,29.33,21.41,22.04,28809700.0,0.0,1.0,28.34,29.33,21.41,22.04,28809700.0
2007-10-29,31.55,34.65,27.41,28.62,16592800.0,0.0,1.0,31.55,34.65,27.41,28.62,16592800.0
2007-10-26,44.02,44.29,30.68,31.36,30967100.0,0.0,1.0,44.02,44.29,30.68,31.36,30967100.0
2007-10-25,64.0,80.0,27.5,42.67,36712200.0,0.0,1.0,64.0,80.0,27.5,42.67,36712200.0
2007-10-24,120.97,121.5,114.93,115.17,426700.0,0.0,1.0,120.97,121.5,114.93,115.17,426700.0
2007-10-23,120.07,128.42,118.55,122.27,597600.0,0.0,1.0,120.07,128.42,118.55,122.27,597600.0
2007-10-22,115.81,119.45,115.5,119.26,511500.0,0.0,1.0,115.81,119.45,115.5,119.26,511500.0
2007-10-19,116.96,117.52,115.79,116.23,676000.0,0.0,1.0,116.96,117.52,115.79,116.23,676000.0
2007-10-18,113.47,118.1,113.47,117.16,1230000.0,0.0,1.0,113.47,118.1,113.47,117.16,1230000.0
2007-10-17,113.21,113.69,111.92,113.52,580900.0,0.0,1.0,113.21,113.69,111.92,113.52,580900.0
2007-10-16,112.73,113.36,111.7,112.5,255600.0,0.0,1.0,112.73,113.36,111.7,112.5,255600.0
2007-10-15,113.13,113.73,111.33,113.03,371800.0,0.0,1.0,113.13,113.73,111.33,113.03,371800.0
2007-10-12,111.93,113.63,111.43,113.32,252600.0,0.0,1.0,111.93,113.63,111.43,113.32,252600.0
2007-10-11,114.61,115.58,110.71,111.92,549300.0,0.0,1.0,114.61,115.58,110.71,111.92,549300.0
2007-10-10,110.81,113.8,110.81,113.55,426700.0,0.0,1.0,110.81,113.8,110.81,113.55,426700.0
2007-10-09,109.66,111.85,108.95,111.6,318800.0,0.0,1.0,109.66,111.85,108.95,111.6,318800.0
2007-10-08,108.73,110.46,108.73,109.37,434100.0,0.0,1.0,108.73,110.46,108.73,109.37,434100.0
2007-10-05,109.77,110.88,108.11,108.8,541900.0,0.0,1.0,109.77,110.88,108.11,108.8,541900.0
2007-10-04,112.24,112.83,110.05,110.38,242500.0,0.0,1.0,112.24,112.83,110.05,110.38,242500.0
2007-10-03,110.55,112.5,110.23,111.84,461800.0,0.0,1.0,110.55,112.5,110.23,111.84,461800.0
2007-10-02,110.04,111.67,108.0,110.54,443400.0,0.0,1.0,110.04,111.67,108.0,110.54,443400.0
2007-10-01,106.13,110.12,105.94,110.04,444900.0,0.0,1.0,106.13,110.12,105.94,110.04,444900.0
2007-09-28,108.55,108.73,104.21,105.43,710800.0,0.0,1.0,108.55,108.73,104.21,105.43,710800.0
2007-09-27,110.07,110.39,107.38,108.93,1052600.0,0.0,1.0,110.07,110.39,107.38,108.93,1052600.0
2007-09-26,109.99,110.87,108.4,109.27,471300.0,0.0,1.0,109.99,110.87,108.4,109.27,471300.0
2007-09-25,105.38,109.83,105.38,109.62,622500.0,0.0,1.0,105.38,109.83,105.38,109.62,622500.0
2007-09-24,106.8,108.91,105.78,106.13,568700.0,0.0,1.0,106.8,108.91,105.78,106.13,568700.0
2007-09-21,106.1,107.24,105.68,107.09,893600.0,0.0,1.0,106.1,107.24,105.68,107.09,893600.0
2007-09-20,103.84,105.49,103.53,105.37,450100.0,0.0,1.0,103.84,105.49,103.53,105.37,450100.0
2007-09-19,103.82,105.1,103.06,103.94,344600.0,0.0,1.0,103.82,105.1,103.06,103.94,344600.0
2007-09-18,101.48,104.31,101.18,103.42,466500.0,0.0,1.0,101.48,104.31,101.18,103.42,466500.0
2007-09-17,99.75,101.45,99.73,101.2,864900.0,0.0,1.0,99.75,101.45,99.73,101.2,864900.0
2007-09-14,100.6,101.0,99.55,99.71,533400.0,0.0,1.0,100.6,101.0,99.55,99.71,533400.0
2007-09-13,101.48,101.9,100.54,101.0,344400.0,0.0,1.0,101.48,101.9,100.54,101.0,344400.0
2007-09-12,100.99,102.66,100.5,101.22,823900.0,0.0,1.0,100.99,102.66,100.5,101.22,823900.0
2007-09-11,99.0,102.0,98.51,100.89,471000.0,0.0,1.0,99.0,102.0,98.51,100.89,471000.0
2007-09-10,99.34,99.86,97.11,98.75,335600.0,0.0,1.0,99.34,99.86,97.11,98.75,335600.0
2007-09-07,99.91,99.91,97.25,99.56,621800.0,0.0,1.0,99.91,99.91,97.25,99.56,621800.0
2007-09-06,99.97,101.54,99.42,100.91,507200.0,0.0,1.0,99.97,101.54,99.42,100.91,507200.0
2007-09-05,100.4,101.77,98.39,99.42,626100.0,0.0,1.0,100.4,101.77,98.39,99.42,626100.0
2007-09-04,98.55,100.98,98.35,100.55,447200.0,0.0,1.0,98.55,100.98,98.35,100.55,447200.0
2007-08-31,96.65,99.0,96.6,98.7,609900.0,0.0,1.0,96.65,99.0,96.6,98.7,609900.0
2007-08-30,95.56,97.21,95.02,96.3,605700.0,0.0,1.0,95.56,97.21,95.02,96.3,605700.0
2007-08-29,95.45,96.24,95.1,95.83,456100.0,0.0,1.0,95.45,96.24,95.1,95.83,456100.0
2007-08-28,97.83,98.0,94.11,94.75,517100.0,0.0,1.0,97.83,98.0,94.11,94.75,517100.0
2007-08-27,100.67,100.95,97.18,97.95,460000.0,0.0,1.0,100.67,100.95,97.18,97.95,460000.0
2007-08-24,98.62,100.5,98.0,100.37,428000.0,0.0,1.0,98.62,100.5,98.0,100.37,428000.0
2007-08-23,98.99,99.98,98.0,98.82,379500.0,0.0,1.0,98.99,99.98,98.0,98.82,379500.0
2007-08-22,97.25,99.48,96.86,98.55,683300.0,0.0,1.0,97.25,99.48,96.86,98.55,683300.0
2007-08-21,97.32,97.96,95.27,96.6,496300.0,0.0,1.0,97.32,97.96,95.27,96.6,496300.0
2007-08-20,92.3,97.5,92.3,96.69,844600.0,0.0,1.0,92.3,97.5,92.3,96.69,844600.0
2007-08-17,93.97,94.49,90.99,91.64,754400.0,0.0,1.0,93.97,94.49,90.99,91.64,754400.0
2007-08-16,93.38,93.42,88.99,92.57,1081200.0,0.0,1.0,93.38,93.42,88.99,92.57,1081200.0
2007-08-15,95.7,98.0,93.11,93.61,704400.0,0.0,1.0,95.7,98.0,93.11,93.61,704400.0
2007-08-14,98.56,99.95,95.21,95.73,536900.0,0.0,1.0,98.56,99.95,95.21,95.73,536900.0
2007-08-13,97.07,99.99,96.89,97.77,796500.0,0.0,1.0,97.07,99.99,96.89,97.77,796500.0
2007-08-10,93.26,100.0,88.34,95.57,1769600.0,0.0,1.0,93.26,100.0,88.34,95.57,1769600.0
2007-08-09,95.5,97.54,90.05,95.25,2390900.0,0.0,1.0,95.5,97.54,90.05,95.25,2390900.0
2007-08-08,101.44,101.75,96.6,100.3,1830200.0,0.0,1.0,101.44,101.75,96.6,100.3,1830200.0
2007-08-07,104.8,104.99,101.63,103.25,798100.0,0.0,1.0,104.8,104.99,101.63,103.25,798100.0
2007-08-06,104.07,105.75,103.16,105.2,628100.0,0.0,1.0,104.07,105.75,103.16,105.2,628100.0
2007-08-03,104.8,106.87,103.06,103.88,853600.0,0.0,1.0,104.8,106.87,103.06,103.88,853600.0
2007-08-02,110.0,110.94,105.7,106.8,1820500.0,0.0,1.0,110.0,110.94,105.7,106.8,1820500.0
2007-08-01,100.84,105.12,100.5,104.9,1378400.0,0.0,1.0,100.84,105.12,100.5,104.9,1378400.0
2007-07-31,101.48,105.27,100.83,101.26,1090800.0,0.0,1.0,101.48,105.27,100.83,101.26,1090800.0
2007-07-30,100.02,101.85,98.54,100.69,989200.0,0.0,1.0,100.02,101.85,98.54,100.69,989200.0
2007-07-27,99.43,99.67,98.43,99.42,656700.0,0.0,1.0,99.43,99.67,98.43,99.42,656700.0
2007-07-26,99.0,100.0,98.14,99.5,749400.0,0.0,1.0,99.0,100.0,98.14,99.5,749400.0
2007-07-25,99.06,100.16,98.11,99.86,782100.0,0.0,1.0,99.06,100.16,98.11,99.86,782100.0
2007-07-24,100.5,101.62,99.65,100.46,725900.0,0.0,1.0,100.5,101.62,99.65,100.46,725900.0
2007-07-23,102.19,102.39,100.25,100.7,426300.0,0.0,1.0,102.19,102.39,100.25,100.7,426300.0
2007-07-20,102.35,102.7,101.24,101.59,463900.0,0.0,1.0,102.35,102.7,101.24,101.59,463900.0
2007-07-19,102.67,104.41,102.0,102.35,1067100.0,0.0,1.0,102.67,104.41,102.0,102.35,1067100.0
2007-07-18,98.44,103.05,98.02,101.67,1066400.0,0.0,1.0,98.44,103.05,98.02,101.67,1066400.0
2007-07-17,96.95,97.7,96.43,96.95,383600.0,0.0,1.0,96.95,97.7,96.43,96.95,383600.0
2007-07-16,95.7,97.41,95.19,96.95,865600.0,0.0,1.0,95.7,97.41,95.19,96.95,865600.0
2007-07-13,94.29,94.5,93.11,93.79,161500.0,0.0,1.0,94.29,94.5,93.11,93.79,161500.0
2007-07-12,92.93,94.57,92.7,94.47,556700.0,0.0,1.0,92.93,94.57,92.7,94.47,556700.0
2007-07-11,91.93,93.21,91.79,92.57,205000.0,0.0,1.0,91.93,93.21,91.79,92.57,205000.0
2007-07-10,93.15,93.22,91.49,92.13,403700.0,0.0,1.0,93.15,93.22,91.49,92.13,403700.0
2007-07-09,93.7,95.0,93.17,93.59,285000.0,0.0,1.0,93.7,95.0,93.17,93.59,285000.0
2007-07-06,91.45,94.0,91.35,94.0,306700.0,0.0,1.0,91.45,94.0,91.35,94.0,306700.0
2007-07-05,92.26,92.9,91.17,91.65,517500.0,0.0,1.0,92.26,92.9,91.17,91.65,517500.0
2007-07-03,92.5,92.99,92.2,92.47,410200.0,0.0,1.0,92.5,92.99,92.2,92.47,410200.0
2007-07-02,90.51,92.51,90.22,92.51,381400.0,0.0,1.0,90.51,92.51,90.22,92.51,381400.0
2007-06-29,92.18,92.99,90.14,90.51,508000.0,0.0,1.0,92.18,92.99,90.14,90.51,508000.0
2007-06-28,92.18,92.44,91.58,91.7,318400.0,0.0,1.0,92.18,92.44,91.58,91.7,318400.0
2007-06-27,91.5,93.44,91.5,92.01,729200.0,0.0,1.0,91.5,93.44,91.5,92.01,729200.0
2007-06-26,91.45,92.1,91.0,91.88,520800.0,0.0,1.0,91.45,92.1,91.0,91.88,520800.0
2007-06-25,91.16,91.94,91.0,91.5,638500.0,0.0,1.0,91.16,91.94,91.0,91.5,638500.0
2007-06-22,90.26,92.0,90.17,91.16,561600.0,0.0,1.0,90.26,92.0,90.17,91.16,561600.0
2007-06-21,89.8,91.06,89.13,90.26,486000.0,0.0,1.0,89.8,91.06,89.13,90.26,486000.0
2007-06-20,90.55,91.43,89.44,90.0,752400.0,0.0,1.0,90.55,91.43,89.44,90.0,752400.0
2007-06-19,91.5,91.51,89.9,90.35,547600.0,0.0,1.0,91.5,91.51,89.9,90.35,547600.0
2007-06-18,88.62,92.49,88.62,91.64,977100.0,0.0,1.0,88.62,92.49,88.62,91.64,977100.0
2007-06-15,89.68,90.5,88.0,88.77,646500.0,0.0,1.0,89.68,90.5,88.0,88.77,646500.0
2007-06-14,89.59,90.2,89.3,89.65,337500.0,0.0,1.0,89.59,90.2,89.3,89.65,337500.0
2007-06-13,90.52,90.52,88.55,89.54,607200.0,0.0,1.0,90.52,90.52,88.55,89.54,607200.0
2007-06-12,88.53,90.7,88.52,90.52,984100.0,0.0,1.0,88.53,90.7,88.52,90.52,984100.0
2007-06-11,90.04,90.04,86.89,88.5,1073200.0,0.0,1.0,90.04,90.04,86.89,88.5,1073200.0
2007-06-08,88.79,90.59,88.54,90.09,553700.0,0.0,1.0,88.79,90.59,88.54,90.09,553700.0
2007-06-07,92.0,92.0,88.68,88.79,607800.0,0.0,1.0,92.0,92.0,88.68,88.79,607800.0
2007-06-06,91.7,91.99,90.35,91.15,492200.0,0.0,1.0,91.7,91.99,90.35,91.15,492200.0
2007-06-05,91.39,92.62,90.89,91.8,371100.0,0.0,1.0,91.39,92.62,90.89,91.8,371100.0
2007-06-04,91.41,93.29,91.19,91.64,416000.0,0.0,1.0,91.41,93.29,91.19,91.64,416000.0
2007-06-01,91.77,92.34,91.18,91.4,390500.0,0.0,1.0,91.77,92.34,91.18,91.4,390500.0
2007-05-31,91.38,92.51,91.18,92.04,459300.0,0.0,1.0,91.38,92.51,91.18,92.04,459300.0
2007-05-30,91.48,91.94,90.58,90.63,516100.0,0.0,1.0,91.48,91.94,90.58,90.63,516100.0
2007-05-29,91.75,92.25,90.75,91.47,495100.0,0.0,1.0,91.75,92.25,90.75,91.47,495100.0
2007-05-25,90.87,91.93,90.87,91.29,329700.0,0.0,1.0,90.87,91.93,90.87,91.29,329700.0
2007-05-24,90.76,92.65,90.56,91.12,858400.0,0.0,1.0,90.76,92.65,90.56,91.12,858400.0
2007-05-23,90.14,91.21,89.91,90.76,584700.0,0.0,1.0,90.14,91.21,89.91,90.76,584700.0
2007-05-22,89.36,90.36,88.99,90.1,846800.0,0.0,1.0,89.36,90.36,88.99,90.1,846800.0
2007-05-21,89.99,89.99,88.47,89.49,1211100.0,0.0,1.0,89.99,89.99,88.47,89.49,1211100.0
2007-05-18,89.38,89.98,88.26,89.98,618200.0,0.0,1.0,89.38,89.98,88.26,89.98,618200.0
2007-05-17,90.3,90.34,89.27,89.28,637100.0,0.0,1.0,90.3,90.34,89.27,89.28,637100.0
2007-05-16,89.54,90.98,89.1,90.29,784900.0,0.0,1.0,89.54,90.98,89.1,90.29,784900.0
2007-05-15,91.36,91.79,89.3,89.54,945600.0,0.0,1.0,91.36,91.79,89.3,89.54,945600.0
2007-05-14,90.42,91.77,90.3,91.31,997000.0,0.0,1.0,90.42,91.77,90.3,91.31,997000.0
2007-05-11,89.92,90.89,89.26,90.02,541300.0,0.0,1.0,89.92,90.89,89.26,90.02,541300.0
2007-05-10,89.86,90.85,89.25,89.95,841500.0,0.0,1.0,89.86,90.85,89.25,89.95,841500.0
2007-05-09,89.46,90.94,89.12,89.98,1122700.0,0.0,1.0,89.46,90.94,89.12,89.98,1122700.0
2007-05-08,89.13,91.0,87.46,90.16,3154400.0,0.0,1.0,89.13,91.0,87.46,90.16,3154400.0
2007-05-07,82.08,82.98,81.5,82.82,957700.0,0.0,1.0,82.08,82.98,81.5,82.82,957700.0
2007-05-04,79.77,82.39,79.75,82.09,1147000.0,0.0,1.0,79.77,82.39,79.75,82.09,1147000.0
2007-05-03,80.78,81.1,79.5,79.76,724100.0,0.0,1.0,80.78,81.1,79.5,79.76,724100.0
2007-05-02,80.1,82.25,79.66,80.74,947700.0,0.0,1.0,80.1,82.25,79.66,80.74,947700.0
2007-05-01,80.59,81.19,78.89,80.06,1829600.0,0.0,1.0,80.59,81.19,78.89,80.06,1829600.0
2007-04-30,84.82,87.0,80.05,80.59,5019000.0,0.0,1.0,84.82,87.0,80.05,80.59,5019000.0
2007-04-27,90.0,90.47,84.37,86.5,3449500.0,0.0,1.0,90.0,90.47,84.37,86.5,3449500.0
2007-04-26,92.0,92.87,89.68,90.05,2098800.0,0.0,1.0,92.0,92.87,89.68,90.05,2098800.0
2007-04-25,93.44,93.44,91.73,92.56,1278900.0,0.0,1.0,93.44,93.44,91.73,92.56,1278900.0
2007-04-24,92.59,94.25,92.15,93.44,1206900.0,0.0,1.0,92.59,94.25,92.15,93.44,1206900.0
2007-04-23,91.64,93.74,91.0,92.99,1622200.0,0.0,1.0,91.64,93.74,91.0,92.99,1622200.0
2007-04-20,90.57,92.0,89.97,91.64,1160600.0,0.0,1.0,90.57,92.0,89.97,91.64,1160600.0
2007-04-19,90.45,91.15,89.79,90.57,707800.0,0.0,1.0,90.45,91.15,89.79,90.57,707800.0
2007-04-18,90.38,91.49,89.88,91.25,633900.0,0.0,1.0,90.38,91.49,89.88,91.25,633900.0
2007-04-17,90.77,91.33,89.64,90.58,722300.0,0.0,1.0,90.77,91.33,89.64,90.58,722300.0
2007-04-16,88.95,90.67,88.95,90.17,1054900.0,0.0,1.0,88.95,90.67,88.95,90.17,1054900.0
2007-04-13,88.76,89.77,88.13,88.79,676100.0,0.0,1.0,88.76,89.77,88.13,88.79,676100.0
2007-04-12,88.2,88.78,86.0,88.76,2931500.0,0.0,1.0,88.2,88.78,86.0,88.76,2931500.0
2007-04-11,90.79,90.89,88.99,90.08,1095100.0,0.0,1.0,90.79,90.89,88.99,90.08,1095100.0
2007-04-10,90.6,90.86,89.57,90.79,799100.0,0.0,1.0,90.6,90.86,89.57,90.79,799100.0
2007-04-09,90.4,91.14,90.08,90.66,968100.0,0.0,1.0,90.4,91.14,90.08,90.66,968100.0
2007-04-05,91.22,91.22,88.89,89.8,541400.0,0.0,1.0,91.22,91.22,88.89,89.8,541400.0
2007-04-04,88.78,90.0,88.56,89.34,594700.0,0.0,1.0,88.78,90.0,88.56,89.34,594700.0
2007-04-03,87.74,89.69,87.74,88.77,812100.0,0.0,1.0,87.74,89.69,87.74,88.77,812100.0
2007-04-02,85.32,87.29,85.3,86.84,899000.0,0.0,1.0,85.32,87.29,85.3,86.84,899000.0
2007-03-30,84.61,85.8,84.53,85.25,939600.0,0.0,1.0,84.61,85.8,84.53,85.25,939600.0
2007-03-29,86.72,86.72,83.51,84.61,1877900.0,0.0,1.0,86.72,86.72,83.51,84.61,1877900.0
2007-03-28,88.02,88.02,86.41,86.72,1119600.0,0.0,1.0,88.02,88.02,86.41,86.72,1119600.0
2007-03-27,88.08,88.09,86.8,87.85,948000.0,0.0,1.0,88.08,88.09,86.8,87.85,948000.0
2007-03-26,89.0,89.03,87.5,88.08,1326800.0,0.0,1.0,89.0,89.03,87.5,88.08,1326800.0
2007-03-23,89.67,89.7,88.24,88.57,1751100.0,0.0,1.0,89.67,89.7,88.24,88.57,1751100.0
2007-03-22,89.44,90.49,89.15,89.72,5163100.0,0.0,1.0,89.44,90.49,89.15,89.72,5163100.0
2007-03-21,89.01,89.1,88.3,88.78,1205500.0,0.0,1.0,89.01,89.1,88.3,88.78,1205500.0
2007-03-20,89.5,89.81,88.4,89.15,1526500.0,0.0,1.0,89.5,89.81,88.4,89.15,1526500.0
2007-03-19,87.65,89.72,87.5,89.29,1770600.0,0.0,1.0,87.65,89.72,87.5,89.29,1770600.0
2007-03-16,85.58,86.98,85.0,85.49,500700.0,0.0,1.0,85.58,86.98,85.0,85.49,500700.0
2007-03-15,85.52,86.62,85.5,85.98,514000.0,0.0,1.0,85.52,86.62,85.5,85.98,514000.0
2007-03-14,85.39,85.55,83.92,85.52,726300.0,0.0,1.0,85.39,85.55,83.92,85.52,726300.0
2007-03-13,86.7,87.27,85.39,85.53,761000.0,0.0,1.0,86.7,87.27,85.39,85.53,761000.0
2007-03-12,84.4,86.86,84.13,86.77,1096400.0,0.0,1.0,84.4,86.86,84.13,86.77,1096400.0
2007-03-09,84.14,84.98,82.15,83.55,1017500.0,0.0,1.0,84.14,84.98,82.15,83.55,1017500.0
2007-03-08,86.2,86.76,85.11,85.74,794200.0,0.0,1.0,86.2,86.76,85.11,85.74,794200.0
2007-03-07,84.49,86.12,84.17,85.1,831400.0,0.0,1.0,84.49,86.12,84.17,85.1,831400.0
2007-03-06,82.9,84.32,82.75,84.19,665500.0,0.0,1.0,82.9,84.32,82.75,84.19,665500.0
2007-03-05,82.49,83.81,80.31,82.1,841100.0,0.0,1.0,82.49,83.81,80.31,82.1,841100.0
2007-03-02,82.43,85.44,81.88,84.01,1191700.0,0.0,1.0,82.43,85.44,81.88,84.01,1191700.0
2007-03-01,81.11,83.48,80.27,82.93,680100.0,0.0,1.0,81.11,83.48,80.27,82.93,680100.0
2007-02-28,80.03,82.21,79.5,82.09,639800.0,0.0,1.0,80.03,82.21,79.5,82.09,639800.0
2007-02-27,81.28,81.66,80.06,80.08,992100.0,0.0,1.0,81.28,81.66,80.06,80.08,992100.0
2007-02-26,81.32,81.88,80.1,81.58,629300.0,0.0,1.0,81.32,81.88,80.1,81.58,629300.0
2007-02-23,82.22,82.51,80.55,80.82,856700.0,0.0,1.0,82.22,82.51,80.55,80.82,856700.0
2007-02-22,81.0,82.57,80.8,82.37,614900.0,0.0,1.0,81.0,82.57,80.8,82.37,614900.0
2007-02-21,80.97,81.45,80.07,81.08,598600.0,0.0,1.0,80.97,81.45,80.07,81.08,598600.0
2007-02-20,78.75,81.24,78.15,80.96,894100.0,0.0,1.0,78.75,81.24,78.15,80.96,894100.0
2007-02-16,79.48,80.04,77.89,78.75,923300.0,0.0,1.0,79.48,80.04,77.89,78.75,923300.0
2007-02-15,77.35,80.0,76.02,79.7,1116700.0,0.0,1.0,77.35,80.0,76.02,79.7,1116700.0
2007-02-14,77.11,78.62,74.18,78.03,1736900.0,0.0,1.0,77.11,78.62,74.18,78.03,1736900.0
2007-02-13,76.45,77.91,76.45,77.02,641500.0,0.0,1.0,76.45,77.91,76.45,77.02,641500.0
2007-02-12,75.88,77.36,75.57,76.5,875800.0,0.0,1.0,75.88,77.36,75.57,76.5,875800.0
2007-02-09,76.38,77.26,75.94,76.13,385500.0,0.0,1.0,76.38,77.26,75.94,76.13,385500.0
2007-02-08,77.36,77.74,76.39,76.58,567600.0,0.0,1.0,77.36,77.74,76.39,76.58,567600.0
2007-02-07,78.59,78.66,77.2,77.66,547500.0,0.0,1.0,78.59,78.66,77.2,77.66,547500.0
2007-02-06,77.35,78.39,77.26,78.39,517400.0,0.0,1.0,77.35,78.39,77.26,78.39,517400.0
2007-02-05,78.37,78.37,76.69,77.49,824800.0,0.0,1.0,78.37,78.37,76.69,77.49,824800.0
2007-02-02,78.78,79.53,77.05,77.61,981500.0,0.0,1.0,78.78,79.53,77.05,77.61,981500.0
2007-02-01,77.53,78.89,77.35,78.78,561200.0,0.0,1.0,77.53,78.89,77.35,78.78,561200.0
2007-01-31,77.4,77.66,76.51,77.48,296600.0,0.0,1.0,77.4,77.66,76.51,77.48,296600.0
2007-01-30,77.1,77.78,75.88,77.2,606600.0,0.0,1.0,77.1,77.78,75.88,77.2,606600.0
2007-01-29,75.68,77.22,75.3,76.94,599600.0,0.0,1.0,75.68,77.22,75.3,76.94,599600.0
2007-01-26,75.3,75.59,74.39,75.28,496100.0,0.0,1.0,75.3,75.59,74.39,75.28,496100.0
2007-01-25,75.73,76.47,75.0,75.14,422300.0,0.0,1.0,75.73,76.47,75.0,75.14,422300.0
2007-01-24,74.69,75.78,74.14,75.73,480900.0,0.0,1.0,74.69,75.78,74.14,75.73,480900.0
2007-01-23,73.88,75.39,73.14,75.09,538200.0,0.0,1.0,73.88,75.39,73.14,75.09,538200.0
2007-01-22,74.09,74.25,73.07,73.68,549300.0,0.0,1.0,74.09,74.25,73.07,73.68,549300.0
2007-01-19,73.0,73.69,72.93,73.69,339600.0,0.0,1.0,73.0,73.69,72.93,73.69,339600.0
2007-01-18,75.05,75.05,72.03,72.75,1215300.0,0.0,1.0,75.05,75.05,72.03,72.75,1215300.0
2007-01-17,76.39,76.73,75.01,75.25,383500.0,0.0,1.0,76.39,76.73,75.01,75.25,383500.0
2007-01-16,74.57,76.45,74.57,76.39,640200.0,0.0,1.0,74.57,76.45,74.57,76.39,640200.0
2007-01-12,74.91,74.91,73.52,74.56,458500.0,0.0,1.0,74.91,74.91,73.52,74.56,458500.0
2007-01-11,72.03,74.99,71.93,74.91,673900.0,0.0,1.0,72.03,74.99,71.93,74.91,673900.0
2007-01-10,70.4,72.21,70.08,71.93,687600.0,0.0,1.0,70.4,72.21,70.08,71.93,687600.0
2007-01-09,71.07,71.22,69.43,70.43,465000.0,0.0,1.0,71.07,71.22,69.43,70.43,465000.0
2007-01-08,69.91,70.97,69.26,70.97,749900.0,0.0,1.0,69.91,70.97,69.26,70.97,749900.0
2007-01-05,69.19,69.64,68.49,69.31,799600.0,0.0,1.0,69.19,69.64,68.49,69.31,799600.0
2007-01-04,69.0,69.5,68.25,69.39,591300.0,0.0,1.0,69.0,69.5,68.25,69.39,591300.0
2007-01-03,69.5,69.99,68.25,69.14,916900.0,0.0,1.0,69.5,69.99,68.25,69.14,916900.0
2006-12-29,69.13,69.98,68.7,68.9,618200.0,0.0,1.0,69.13,69.98,68.7,68.9,618200.0
2006-12-28,69.42,69.81,68.46,69.03,383500.0,0.0,1.0,69.42,69.81,68.46,69.03,383500.0
2006-12-27,68.9,70.21,68.85,69.42,522200.0,0.0,1.0,68.9,70.21,68.85,69.42,522200.0
2006-12-26,69.12,69.9,68.3,68.84,369100.0,0.0,1.0,69.12,69.9,68.3,68.84,369100.0
2006-12-22,70.84,70.84,68.97,69.18,404000.0,0.0,1.0,70.84,70.84,68.97,69.18,404000.0
2006-12-21,70.43,71.64,69.97,70.72,423900.0,0.0,1.0,70.43,71.64,69.97,70.72,423900.0
2006-12-20,69.9,70.79,69.73,70.23,253500.0,0.0,1.0,69.9,70.79,69.73,70.23,253500.0
2006-12-19,69.97,70.43,68.72,70.0,515100.0,0.0,1.0,69.97,70.43,68.72,70.0,515100.0
2006-12-18,69.43,71.05,69.34,70.17,797700.0,0.0,1.0,69.43,71.05,69.34,70.17,797700.0
2006-12-15,69.5,71.51,68.72,69.23,1032500.0,0.0,1.0,69.5,71.51,68.72,69.23,1032500.0
2006-12-14,68.62,70.05,68.51,69.5,661200.0,0.0,1.0,68.62,70.05,68.51,69.5,661200.0
2006-12-13,69.33,69.44,67.9,68.61,503400.0,0.0,1.0,69.33,69.44,67.9,68.61,503400.0
2006-12-12,68.34,69.24,68.03,69.08,461400.0,0.0,1.0,68.34,69.24,68.03,69.08,461400.0
2006-12-11,68.11,68.99,67.43,68.54,456700.0,0.0,1.0,68.11,68.99,67.43,68.54,456700.0
2006-12-08,67.97,68.32,66.58,68.1,434000.0,0.0,1.0,67.97,68.32,66.58,68.1,434000.0
2006-12-07,66.88,68.75,66.84,67.97,686200.0,0.0,1.0,66.88,68.75,66.84,67.97,686200.0
2006-12-06,67.05,67.93,66.12,66.98,618100.0,0.0,1.0,67.05,67.93,66.12,66.98,618100.0
2006-12-05,66.5,67.47,66.11,67.13,543100.0,0.0,1.0,66.5,67.47,66.11,67.13,543100.0
2006-12-04,66.0,67.75,65.55,66.58,637300.0,0.0,1.0,66.0,67.75,65.55,66.58,637300.0
2006-12-01,64.56,64.91,63.79,64.89,567800.0,0.0,1.0,64.56,64.91,63.79,64.89,567800.0
2006-11-30,64.15,65.07,63.86,64.57,668700.0,0.0,1.0,64.15,65.07,63.86,64.57,668700.0
2006-11-29,63.91,64.31,63.3,63.55,394800.0,0.0,1.0,63.91,64.31,63.3,63.55,394800.0
2006-11-28,63.14,64.36,62.89,63.96,401000.0,0.0,1.0,63.14,64.36,62.89,63.96,401000.0
2006-11-27,63.86,64.39,62.8,63.14,643500.0,0.0,1.0,63.86,64.39,62.8,63.14,643500.0
2006-11-24,63.34,64.39,63.23,63.76,114700.0,0.0,1.0,63.34,64.39,63.23,63.76,114700.0
2006-11-22,64.2,64.26,62.96,63.34,443100.0,0.0,1.0,64.2,64.26,62.96,63.34,443100.0
2006-11-21,64.45,64.58,63.6,64.01,869100.0,0.0,1.0,64.45,64.58,63.6,64.01,869100.0
2006-11-20,63.85,64.49,63.2,64.01,753600.0,0.0,1.0,63.85,64.49,63.2,64.01,753600.0
2006-11-17,64.05,64.55,63.05,63.63,582800.0,0.0,1.0,64.05,64.55,63.05,63.63,582800.0
2006-11-16,62.36,65.22,62.14,63.91,1139900.0,0.0,1.0,62.36,65.22,62.14,63.91,1139900.0
2006-11-15,61.5,63.17,61.43,62.35,835700.0,0.0,1.0,61.5,63.17,61.43,62.35,835700.0
2006-11-14,60.05,62.44,60.0,62.2,1414400.0,0.0,1.0,60.05,62.44,60.0,62.2,1414400.0
2006-11-13,57.95,60.49,57.65,59.9,1989300.0,0.0,1.0,57.95,60.49,57.65,59.9,1989300.0
2006-11-10,56.67,57.99,55.76,56.0,1225500.0,0.0,1.0,56.67,57.99,55.76,56.0,1225500.0
2006-11-09,59.5,60.5,55.56,56.92,2054700.0,0.0,1.0,59.5,60.5,55.56,56.92,2054700.0
2006-11-08,62.75,62.76,58.65,59.5,2063500.0,0.0,1.0,62.75,62.76,58.65,59.5,2063500.0
2006-11-07,62.63,63.75,61.97,63.32,1026500.0,0.0,1.0,62.63,63.75,61.97,63.32,1026500.0
2006-11-06,59.12,63.4,59.12,62.62,911900.0,0.0,1.0,59.12,63.4,59.12,62.62,911900.0
2006-11-03,63.0,63.0,59.04,59.1,1435300.0,0.0,1.0,63.0,63.0,59.04,59.1,1435300.0
2006-11-02,61.09,63.53,59.75,61.39,2437500.0,0.0,1.0,61.09,63.53,59.75,61.39,2437500.0
2006-11-01,58.98,59.71,56.39,57.04,719100.0,0.0,1.0,58.98,59.71,56.39,57.04,719100.0
2006-10-31,59.44,59.74,58.21,58.75,581800.0,0.0,1.0,59.44,59.74,58.21,58.75,581800.0
2006-10-30,62.25,62.25,59.2,59.44,626900.0,0.0,1.0,62.25,62.25,59.2,59.44,626900.0
2006-10-27,60.72,62.6,60.37,62.25,661900.0,0.0,1.0,60.72,62.6,60.37,62.25,661900.0
2006-10-26,60.0,60.77,59.84,60.72,454600.0,0.0,1.0,60.0,60.77,59.84,60.72,454600.0
2006-10-25,59.41,59.64,58.29,59.59,374400.0,0.0,1.0,59.41,59.64,58.29,59.59,374400.0
2006-10-24,59.12,60.8,58.72,59.16,471400.0,0.0,1.0,59.12,60.8,58.72,59.16,471400.0
2006-10-23,57.9,58.74,57.9,58.52,370100.0,0.0,1.0,57.9,58.74,57.9,58.52,370100.0
2006-10-20,56.85,57.99,56.81,57.9,463300.0,0.0,1.0,56.85,57.99,56.81,57.9,463300.0
2006-10-19,56.69,56.85,56.4,56.75,498300.0,0.0,1.0,56.69,56.85,56.4,56.75,498300.0
2006-10-18,57.46,58.1,56.18,56.85,475300.0,0.0,1.0,57.46,58.1,56.18,56.85,475300.0
2006-10-17,57.33,57.62,56.11,57.45,392300.0,0.0,1.0,57.33,57.62,56.11,57.45,392300.0
2006-10-16,56.29,57.83,56.05,57.29,465300.0,0.0,1.0,56.29,57.83,56.05,57.29,465300.0
2006-10-13,58.16,59.17,56.2,56.47,988500.0,0.0,1.0,58.16,59.17,56.2,56.47,988500.0
2006-10-12,59.17,59.56,56.15,58.21,1213200.0,0.0,1.0,59.17,59.56,56.15,58.21,1213200.0
2006-10-11,59.6,59.71,58.82,59.22,250100.0,0.0,1.0,59.6,59.71,58.82,59.22,250100.0
2006-10-10,59.87,60.0,59.45,59.7,303600.0,0.0,1.0,59.87,60.0,59.45,59.7,303600.0
2006-10-09,59.75,60.04,58.77,59.86,252200.0,0.0,1.0,59.75,60.04,58.77,59.86,252200.0
2006-10-06,59.67,59.94,59.0,59.65,224600.0,0.0,1.0,59.67,59.94,59.0,59.65,224600.0
2006-10-05,58.79,59.78,58.22,59.67,250800.0,0.0,1.0,58.79,59.78,58.22,59.67,250800.0
2006-10-04,58.67,59.24,58.02,59.04,397500.0,0.0,1.0,58.67,59.24,58.02,59.04,397500.0
2006-10-03,57.6,58.15,57.26,58.01,313100.0,0.0,1.0,57.6,58.15,57.26,58.01,313100.0
2006-10-02,56.62,58.13,56.45,57.5,560400.0,0.0,1.0,56.62,58.13,56.45,57.5,560400.0
2006-09-29,56.08,57.25,56.08,56.63,493900.0,0.0,1.0,56.08,57.25,56.08,56.63,493900.0
2006-09-28,56.95,57.3,56.19,56.98,679100.0,0.0,1.0,56.95,57.3,56.19,56.98,679100.0
2006-09-27,57.95,58.24,56.93,57.2,603900.0,0.0,1.0,57.95,58.24,56.93,57.2,603900.0
2006-09-26,58.19,58.68,57.72,58.29,518800.0,0.0,1.0,58.19,58.68,57.72,58.29,518800.0
2006-09-25,58.33,58.84,57.69,58.29,416200.0,0.0,1.0,58.33,58.84,57.69,58.29,416200.0
2006-09-22,58.43,58.81,57.51,58.38,297900.0,0.0,1.0,58.43,58.81,57.51,58.38,297900.0
2006-09-21,60.1,60.15,58.13,58.43,537900.0,0.0,1.0,60.1,60.15,58.13,58.43,537900.0
2006-09-20,59.9,60.58,59.9,60.0,620500.0,0.0,1.0,59.9,60.58,59.9,60.0,620500.0
2006-09-19,59.65,59.96,59.2,59.72,309700.0,0.0,1.0,59.65,59.96,59.2,59.72,309700.0
2006-09-18,59.96,60.28,59.15,59.4,491400.0,0.0,1.0,59.96,60.28,59.15,59.4,491400.0
2006-09-15,59.19,59.79,58.87,59.51,404400.0,0.0,1.0,59.19,59.79,58.87,59.51,404400.0
2006-09-14,59.1,59.6,58.56,59.18,396300.0,0.0,1.0,59.1,59.6,58.56,59.18,396300.0
2006-09-13,57.87,59.71,57.87,59.52,679800.0,0.0,1.0,57.87,59.71,57.87,59.52,679800.0
2006-09-12,56.51,58.05,56.51,57.73,778700.0,0.0,1.0,56.51,58.05,56.51,57.73,778700.0
2006-09-11,55.75,57.36,55.35,56.76,613500.0,0.0,1.0,55.75,57.36,55.35,56.76,613500.0
2006-09-08,55.11,56.65,54.83,55.61,1368300.0,0.0,1.0,55.11,56.65,54.83,55.61,1368300.0
2006-09-07,56.0,56.6,55.61,56.46,329100.0,0.0,1.0,56.0,56.6,55.61,56.46,329100.0
2006-09-06,57.01,57.01,56.0,56.21,360000.0,0.0,1.0,57.01,57.01,56.0,56.21,360000.0
2006-09-05,56.67,57.51,56.58,57.01,452200.0,0.0,1.0,56.67,57.51,56.58,57.01,452200.0
2006-09-01,56.33,56.58,55.6,56.27,335800.0,0.0,1.0,56.33,56.58,55.6,56.27,335800.0
2006-08-31,55.4,56.32,55.25,56.08,349500.0,0.0,1.0,55.4,56.32,55.25,56.08,349500.0
2006-08-30,57.98,58.0,55.16,55.57,763600.0,0.0,1.0,57.98,58.0,55.16,55.57,763600.0
2006-08-29,55.99,57.36,55.94,57.2,1120200.0,0.0,1.0,55.99,57.36,55.94,57.2,1120200.0
2006-08-28,55.25,56.13,54.94,55.96,948600.0,0.0,1.0,55.25,56.13,54.94,55.96,948600.0
2006-08-25,54.85,55.34,54.09,55.02,555100.0,0.0,1.0,54.85,55.34,54.09,55.02,555100.0
2006-08-24,54.4,55.32,54.4,55.01,941000.0,0.0,1.0,54.4,55.32,54.4,55.01,941000.0
2006-08-23,53.55,54.98,53.55,54.5,487000.0,0.0,1.0,53.55,54.98,53.55,54.5,487000.0
2006-08-22,52.86,54.17,52.72,53.75,903600.0,0.0,1.0,52.86,54.17,52.72,53.75,903600.0
2006-08-21,52.75,53.75,52.7,52.96,426700.0,0.0,1.0,52.75,53.75,52.7,52.96,426700.0
2006-08-18,52.71,53.7,51.81,52.81,919200.0,0.0,1.0,52.71,53.7,51.81,52.81,919200.0
2006-08-17,52.08,53.0,52.05,52.86,712300.0,0.0,1.0,52.08,53.0,52.05,52.86,712300.0
2006-08-16,52.79,52.9,51.68,52.68,774000.0,0.0,1.0,52.79,52.9,51.68,52.68,774000.0
2006-08-15,51.97,53.0,51.91,52.84,620300.0,0.0,1.0,51.97,53.0,51.91,52.84,620300.0
2006-08-14,51.38,52.16,51.28,51.67,470100.0,0.0,1.0,51.38,52.16,51.28,51.67,470100.0
2006-08-11,50.86,51.85,50.86,51.49,389700.0,0.0,1.0,50.86,51.85,50.86,51.49,389700.0
2006-08-10,51.57,52.05,51.42,51.76,610700.0,0.0,1.0,51.57,52.05,51.42,51.76,610700.0
2006-08-09,50.62,52.11,50.58,51.51,679900.0,0.0,1.0,50.62,52.11,50.58,51.51,679900.0
2006-08-08,50.55,51.25,49.88,50.62,556300.0,0.0,1.0,50.55,51.25,49.88,50.62,556300.0
2006-08-07,49.67,50.82,49.61,50.55,816200.0,0.0,1.0,49.67,50.82,49.61,50.55,816200.0
2006-08-04,51.44,51.75,48.98,49.67,2419900.0,0.0,1.0,51.44,51.75,48.98,49.67,2419900.0
2006-08-03,52.9,53.08,50.5,51.45,3090800.0,0.0,1.0,52.9,53.08,50.5,51.45,3090800.0
2006-08-02,50.51,50.53,49.65,49.81,1007900.0,0.0,1.0,50.51,50.53,49.65,49.81,1007900.0
2006-08-01,49.06,50.7,48.45,50.36,733700.0,0.0,1.0,49.06,50.7,48.45,50.36,733700.0
2006-07-31,48.0,49.93,47.18,49.06,637700.0,0.0,1.0,48.0,49.93,47.18,49.06,637700.0
2006-07-28,50.35,50.7,48.79,49.1,700100.0,0.0,1.0,50.35,50.7,48.79,49.1,700100.0
2006-07-27,50.5,51.9,50.03,50.16,900400.0,0.0,1.0,50.5,51.9,50.03,50.16,900400.0
2006-07-26,53.89,53.89,52.98,53.08,304900.0,0.0,1.0,53.89,53.89,52.98,53.08,304900.0
2006-07-25,51.9,53.93,51.8,53.9,488200.0,0.0,1.0,51.9,53.93,51.8,53.9,488200.0
2006-07-24,51.43,52.65,51.43,52.06,339300.0,0.0,1.0,51.43,52.65,51.43,52.06,339300.0
2006-07-21,51.6,52.33,50.49,52.33,434000.0,0.0,1.0,51.6,52.33,50.49,52.33,434000.0
2006-07-20,50.6,52.14,50.38,51.75,568200.0,0.0,1.0,50.6,52.14,50.38,51.75,568200.0
2006-07-19,51.05,51.87,50.48,50.6,604600.0,0.0,1.0,51.05,51.87,50.48,50.6,604600.0
2006-07-18,52.05,52.11,48.19,50.25,3010500.0,0.0,1.0,52.05,52.11,48.19,50.25,3010500.0
2006-07-17,53.14,55.2,53.09,54.35,1125400.0,0.0,1.0,53.14,55.2,53.09,54.35,1125400.0
2006-07-14,51.85,52.82,51.21,52.64,472800.0,0.0,1.0,51.85,52.82,51.21,52.64,472800.0
2006-07-13,51.85,52.53,51.61,52.0,696200.0,0.0,1.0,51.85,52.53,51.61,52.0,696200.0
2006-07-12,51.28,52.8,51.28,52.07,956400.0,0.0,1.0,51.28,52.8,51.28,52.07,956400.0
2006-07-11,50.86,51.36,50.32,51.18,311800.0,0.0,1.0,50.86,51.36,50.32,51.18,311800.0
2006-07-10,49.51,50.6,49.51,50.56,469700.0,0.0,1.0,49.51,50.6,49.51,50.56,469700.0
2006-07-07,49.9,50.27,49.35,49.51,471600.0,0.0,1.0,49.9,50.27,49.35,49.51,471600.0
2006-07-06,49.3,50.16,49.18,49.97,490100.0,0.0,1.0,49.3,50.16,49.18,49.97,490100.0
2006-07-05,49.72,49.76,48.68,49.22,511800.0,0.0,1.0,49.72,49.76,48.68,49.22,511800.0
2006-07-03,48.85,49.81,48.1,49.72,391700.0,0.0,1.0,48.85,49.81,48.1,49.72,391700.0
2006-06-30,45.9,49.05,45.85,49.05,1796600.0,0.0,1.0,45.9,49.05,45.85,49.05,1796600.0
2006-06-29,46.67,47.72,44.5,46.29,818100.0,0.0,1.0,46.67,47.72,44.5,46.29,818100.0
2006-06-28,46.32,46.54,44.24,45.54,401800.0,0.0,1.0,46.32,46.54,44.24,45.54,401800.0
2006-06-27,46.22,46.82,45.98,46.37,559900.0,0.0,1.0,46.22,46.82,45.98,46.37,559900.0
2006-06-26,46.3,46.49,45.6,46.36,336700.0,0.0,1.0,46.3,46.49,45.6,46.36,336700.0
2006-06-23,45.9,46.66,45.8,46.3,372500.0,0.0,1.0,45.9,46.66,45.8,46.3,372500.0
2006-06-22,45.45,47.37,45.25,46.35,689600.0,0.0,1.0,45.45,47.37,45.25,46.35,689600.0
2006-06-21,45.46,45.65,45.0,45.36,702400.0,0.0,1.0,45.46,45.65,45.0,45.36,702400.0
2006-06-20,47.12,47.35,44.76,45.5,1104100.0,0.0,1.0,47.12,47.35,44.76,45.5,1104100.0
2006-06-19,48.2,48.44,46.96,47.17,644300.0,0.0,1.0,48.2,48.44,46.96,47.17,644300.0
2006-06-16,48.11,48.79,47.56,48.18,639400.0,0.0,1.0,48.11,48.79,47.56,48.18,639400.0
2006-06-15,48.0,48.6,47.47,48.11,582100.0,0.0,1.0,48.0,48.6,47.47,48.11,582100.0
2006-06-14,49.28,49.76,47.5,47.95,756400.0,0.0,1.0,49.28,49.76,47.5,47.95,756400.0
2006-06-13,48.1,50.07,48.0,49.48,1016000.0,0.0,1.0,48.1,50.07,48.0,49.48,1016000.0
2006-06-12,49.1,49.1,48.0,48.3,702400.0,0.0,1.0,49.1,49.1,48.0,48.3,702400.0
2006-06-09,48.75,50.13,48.69,49.56,597000.0,0.0,1.0,48.75,50.13,48.69,49.56,597000.0
2006-06-08,47.41,49.1,47.19,48.5,866800.0,0.0,1.0,47.41,49.1,47.19,48.5,866800.0
2006-06-07,47.1,48.41,46.91,47.4,295600.0,0.0,1.0,47.1,48.41,46.91,47.4,295600.0
2006-06-06,47.54,48.13,46.5,47.05,616600.0,0.0,1.0,47.54,48.13,46.5,47.05,616600.0
2006-06-05,48.5,48.84,47.41,47.54,712000.0,0.0,1.0,48.5,48.84,47.41,47.54,712000.0
2006-06-02,50.04,50.44,48.84,49.06,689600.0,0.0,1.0,50.04,50.44,48.84,49.06,689600.0
2006-06-01,49.9,50.39,49.9,50.05,613000.0,0.0,1.0,49.9,50.39,49.9,50.05,613000.0
2006-05-31,48.94,49.95,48.94,49.75,610700.0,0.0,1.0,48.94,49.95,48.94,49.75,610700.0
2006-05-30,48.91,49.73,48.74,48.94,709700.0,0.0,1.0,48.91,49.73,48.74,48.94,709700.0
2006-05-26,49.7,49.8,48.6,48.91,523500.0,0.0,1.0,49.7,49.8,48.6,48.91,523500.0
2006-05-25,48.1,50.02,48.1,49.5,1033500.0,0.0,1.0,48.1,50.02,48.1,49.5,1033500.0
2006-05-24,49.3,49.48,47.67,47.96,666400.0,0.0,1.0,49.3,49.48,47.67,47.96,666400.0
2006-05-23,49.0,50.09,49.0,49.46,817700.0,0.0,1.0,49.0,50.09,49.0,49.46,817700.0
2006-05-22,47.54,49.42,47.54,48.85,943400.0,0.0,1.0,47.54,49.42,47.54,48.85,943400.0
2006-05-19,46.89,48.5,46.65,48.34,634700.0,0.0,1.0,46.89,48.5,46.65,48.34,634700.0
2006-05-18,48.36,48.55,46.82,46.89,521400.0,0.0,1.0,48.36,48.55,46.82,46.89,521400.0
2006-05-17,47.45,48.52,47.36,48.32,692000.0,0.0,1.0,47.45,48.52,47.36,48.32,692000.0
2006-05-16,48.05,48.68,47.23,47.45,663900.0,0.0,1.0,48.05,48.68,47.23,47.45,663900.0
2006-05-15,46.91,48.2,46.5,47.9,546100.0,0.0,1.0,46.91,48.2,46.5,47.9,546100.0
2006-05-12,45.6,47.66,45.5,47.31,869200.0,0.0,1.0,45.6,47.66,45.5,47.31,869200.0
2006-05-11,45.38,45.95,44.84,45.75,581400.0,0.0,1.0,45.38,45.95,44.84,45.75,581400.0
2006-05-10,45.65,46.0,45.02,45.38,581300.0,0.0,1.0,45.65,46.0,45.02,45.38,581300.0
2006-05-09,43.25,45.0,43.25,44.5,1955800.0,0.0,1.0,43.25,45.0,43.25,44.5,1955800.0
2006-05-08,41.05,41.6,40.58,41.25,472100.0,0.0,1.0,41.05,41.6,40.58,41.25,472100.0
2006-05-05,39.55,41.15,39.42,41.04,437000.0,0.0,1.0,39.55,41.15,39.42,41.04,437000.0
2006-05-04,39.11,40.8,39.11,39.5,355900.0,0.0,1.0,39.11,40.8,39.11,39.5,355900.0
2006-05-03,39.77,40.0,39.02,39.41,386000.0,0.0,1.0,39.77,40.0,39.02,39.41,386000.0
2006-05-02,40.58,41.2,40.52,40.97,311300.0,0.0,1.0,40.58,41.2,40.52,40.97,311300.0
2006-05-01,41.75,41.86,40.4,40.58,548900.0,0.0,1.0,41.75,41.86,40.4,40.58,548900.0
2006-04-28,40.86,42.16,40.83,41.88,442000.0,0.0,1.0,40.86,42.16,40.83,41.88,442000.0
2006-04-27,42.9,43.25,39.66,40.66,1154100.0,0.0,1.0,42.9,43.25,39.66,40.66,1154100.0
2006-04-26,42.99,43.25,42.7,43.15,222700.0,0.0,1.0,42.99,43.25,42.7,43.15,222700.0
2006-04-25,42.8,43.16,42.69,42.99,374500.0,0.0,1.0,42.8,43.16,42.69,42.99,374500.0
2006-04-24,42.6,42.8,42.18,42.8,193700.0,0.0,1.0,42.6,42.8,42.18,42.8,193700.0
2006-04-21,43.4,43.4,42.17,42.75,161300.0,0.0,1.0,43.4,43.4,42.17,42.75,161300.0
2006-04-20,43.94,44.02,42.8,43.09,260600.0,0.0,1.0,43.94,44.02,42.8,43.09,260600.0
2006-04-19,44.46,44.5,43.51,43.94,340400.0,0.0,1.0,44.46,44.5,43.51,43.94,340400.0
2006-04-18,43.6,44.63,43.34,44.26,391400.0,0.0,1.0,43.6,44.63,43.34,44.26,391400.0
2006-04-17,43.35,43.42,42.9,43.35,199400.0,0.0,1.0,43.35,43.42,42.9,43.35,199400.0
2006-04-13,43.33,43.6,42.79,43.42,129900.0,0.0,1.0,43.33,43.6,42.79,43.42,129900.0
2006-04-12,42.25,43.17,42.14,43.03,380300.0,0.0,1.0,42.25,43.17,42.14,43.03,380300.0
2006-04-11,42.9,42.92,41.59,41.95,259900.0,0.0,1.0,42.9,42.92,41.59,41.95,259900.0
2006-04-10,43.85,43.85,42.03,42.65,340200.0,0.0,1.0,43.85,43.85,42.03,42.65,340200.0
2006-04-07,43.77,44.4,43.23,43.86,250700.0,0.0,1.0,43.77,44.4,43.23,43.86,250700.0
2006-04-06,44.6,44.65,43.5,43.77,408200.0,0.0,1.0,44.6,44.65,43.5,43.77,408200.0
2006-04-05,43.95,44.87,43.83,44.65,284200.0,0.0,1.0,43.95,44.87,43.83,44.65,284200.0
2006-04-04,44.25,44.3,43.31,44.13,415600.0,0.0,1.0,44.25,44.3,43.31,44.13,415600.0
2006-04-03,45.29,45.63,44.03,44.15,659900.0,0.0,1.0,45.29,45.63,44.03,44.15,659900.0
2006-03-31,45.22,45.59,44.89,45.44,334300.0,0.0,1.0,45.22,45.59,44.89,45.44,334300.0
2006-03-30,43.9,45.5,43.81,45.22,954800.0,0.0,1.0,43.9,45.5,43.81,45.22,954800.0
2006-03-29,43.93,43.99,42.19,43.85,320500.0,0.0,1.0,43.93,43.99,42.19,43.85,320500.0
2006-03-28,43.97,43.97,42.97,43.14,390400.0,0.0,1.0,43.97,43.97,42.97,43.14,390400.0
2006-03-27,42.72,43.57,42.72,43.37,366600.0,0.0,1.0,42.72,43.57,42.72,43.37,366600.0
2006-03-24,41.98,42.8,41.72,42.76,333100.0,0.0,1.0,41.98,42.8,41.72,42.76,333100.0
2006-03-23,41.84,42.0,41.02,42.0,309400.0,0.0,1.0,41.84,42.0,41.02,42.0,309400.0
2006-03-22,41.67,41.8,41.28,41.74,257700.0,0.0,1.0,41.67,41.8,41.28,41.74,257700.0
2006-03-21,41.42,42.05,41.15,41.67,315000.0,0.0,1.0,41.42,42.05,41.15,41.67,315000.0
2006-03-20,42.32,42.33,40.88,41.52,551500.0,0.0,1.0,42.32,42.33,40.88,41.52,551500.0
2006-03-17,42.87,42.99,42.24,42.33,434400.0,0.0,1.0,42.87,42.99,42.24,42.33,434400.0
2006-03-16,42.49,42.91,42.25,42.67,228400.0,0.0,1.0,42.49,42.91,42.25,42.67,228400.0
2006-03-15,42.51,42.95,42.22,42.49,340200.0,0.0,1.0,42.51,42.95,42.22,42.49,340200.0
2006-03-14,41.89,42.6,41.43,42.51,431300.0,0.0,1.0,41.89,42.6,41.43,42.51,431300.0
2006-03-13,40.8,41.75,40.5,41.74,578300.0,0.0,1.0,40.8,41.75,40.5,41.74,578300.0
2006-03-10,41.12,41.39,40.76,41.05,290400.0,0.0,1.0,41.12,41.39,40.76,41.05,290400.0
2006-03-09,42.0,42.75,40.93,41.0,592400.0,0.0,1.0,42.0,42.75,40.93,41.0,592400.0
2006-03-08,40.1,41.88,40.1,41.6,2640900.0,0.0,1.0,40.1,41.88,40.1,41.6,2640900.0
2006-03-07,38.8,40.3,38.75,39.56,355800.0,0.0,1.0,38.8,40.3,38.75,39.56,355800.0
2006-03-06,38.55,39.4,38.55,38.9,364200.0,0.0,1.0,38.55,39.4,38.55,38.9,364200.0
2006-03-03,39.4,40.19,39.25,39.5,343100.0,0.0,1.0,39.4,40.19,39.25,39.5,343100.0
2006-03-02,38.93,39.53,38.61,39.5,306600.0,0.0,1.0,38.93,39.53,38.61,39.5,306600.0
2006-03-01,38.75,39.38,38.61,39.03,286200.0,0.0,1.0,38.75,39.38,38.61,39.03,286200.0
2006-02-28,39.58,39.75,38.8,38.95,384900.0,0.0,1.0,39.58,39.75,38.8,38.95,384900.0
2006-02-27,40.48,41.24,39.59,39.78,562900.0,0.0,1.0,40.48,41.24,39.59,39.78,562900.0
2006-02-24,40.93,41.2,40.25,40.48,282900.0,0.0,1.0,40.93,41.2,40.25,40.48,282900.0
2006-02-23,40.9,41.63,40.72,40.96,386800.0,0.0,1.0,40.9,41.63,40.72,40.96,386800.0
2006-02-22,40.65,41.59,40.65,41.12,241400.0,0.0,1.0,40.65,41.59,40.65,41.12,241400.0
2006-02-21,41.95,42.18,40.3,40.55,398000.0,0.0,1.0,41.95,42.18,40.3,40.55,398000.0
2006-02-17,40.8,41.67,40.8,41.6,378400.0,0.0,1.0,40.8,41.67,40.8,41.6,378400.0
2006-02-16,41.01,41.34,40.65,40.7,644500.0,0.0,1.0,41.01,41.34,40.65,40.7,644500.0
2006-02-15,41.5,41.5,40.49,41.01,621400.0,0.0,1.0,41.5,41.5,40.49,41.01,621400.0
2006-02-14,41.4,42.9,40.97,41.5,1032700.0,0.0,1.0,41.4,42.9,40.97,41.5,1032700.0
2006-02-13,39.01,39.3,38.27,39.25,529700.0,0.0,1.0,39.01,39.3,38.27,39.25,529700.0
2006-02-10,40.0,40.0,37.76,39.0,906100.0,0.0,1.0,40.0,40.0,37.76,39.0,906100.0
2006-02-09,40.14,40.7,39.83,40.0,501600.0,0.0,1.0,40.14,40.7,39.83,40.0,501600.0
2006-02-08,40.51,40.51,39.79,40.13,235100.0,0.0,1.0,40.51,40.51,39.79,40.13,235100.0
2006-02-07,40.41,41.63,40.12,40.51,262700.0,0.0,1.0,40.41,41.63,40.12,40.51,262700.0
2006-02-06,41.57,41.74,39.99,40.4,506000.0,0.0,1.0,41.57,41.74,39.99,40.4,506000.0
2006-02-03,41.6,41.95,41.19,41.6,347000.0,0.0,1.0,41.6,41.95,41.19,41.6,347000.0
2006-02-02,41.85,42.2,41.32,41.7,598700.0,0.0,1.0,41.85,42.2,41.32,41.7,598700.0
2006-02-01,40.33,43.9,40.33,41.87,910000.0,0.0,1.0,40.33,43.9,40.33,41.87,910000.0
2006-01-31,39.75,40.92,39.44,40.43,441700.0,0.0,1.0,39.75,40.92,39.44,40.43,441700.0
2006-01-30,38.96,40.0,38.96,39.68,333500.0,0.0,1.0,38.96,40.0,38.96,39.68,333500.0
2006-01-27,37.83,39.33,37.83,39.16,307800.0,0.0,1.0,37.83,39.33,37.83,39.16,307800.0
2006-01-26,38.2,38.48,37.26,37.63,365700.0,0.0,1.0,38.2,38.48,37.26,37.63,365700.0
2006-01-25,38.58,38.58,37.37,37.95,291800.0,0.0,1.0,38.58,38.58,37.37,37.95,291800.0
2006-01-24,37.42,38.7,37.38,38.57,362500.0,0.0,1.0,37.42,38.7,37.38,38.57,362500.0
2006-01-23,37.32,38.04,37.25,37.4,278300.0,0.0,1.0,37.32,38.04,37.25,37.4,278300.0
2006-01-20,38.19,38.21,36.7,37.27,237800.0,0.0,1.0,38.19,38.21,36.7,37.27,237800.0
2006-01-19,38.11,38.85,37.9,37.99,753600.0,0.0,1.0,38.11,38.85,37.9,37.99,753600.0
2006-01-18,37.35,38.4,37.35,38.11,204200.0,0.0,1.0,37.35,38.4,37.35,38.11,204200.0
2006-01-17,36.75,37.92,36.54,37.62,402700.0,0.0,1.0,36.75,37.92,36.54,37.62,402700.0
2006-01-13,37.87,37.88,37.08,37.29,388700.0,0.0,1.0,37.87,37.88,37.08,37.29,388700.0
2006-01-12,38.14,38.31,37.54,37.86,510300.0,0.0,1.0,38.14,38.31,37.54,37.86,510300.0
2006-01-11,38.83,38.86,36.32,38.27,1105300.0,0.0,1.0,38.83,38.86,36.32,38.27,1105300.0
2006-01-10,40.16,40.23,38.73,38.85,437300.0,0.0,1.0,40.16,40.23,38.73,38.85,437300.0
2006-01-09,41.14,41.14,40.3,40.31,284200.0,0.0,1.0,41.14,41.14,40.3,40.31,284200.0
2006-01-06,41.43,41.51,40.7,41.13,245500.0,0.0,1.0,41.43,41.51,40.7,41.13,245500.0
2006-01-05,41.28,41.89,41.27,41.43,190400.0,0.0,1.0,41.28,41.89,41.27,41.43,190400.0
2006-01-04,41.42,42.0,41.2,41.88,138700.0,0.0,1.0,41.42,42.0,41.2,41.88,138700.0
2006-01-03,40.8,41.73,40.4,41.5,229300.0,0.0,1.0,40.8,41.73,40.4,41.5,229300.0
2005-12-30,41.3,41.3,40.38,40.85,138000.0,0.0,1.0,41.3,41.3,40.38,40.85,138000.0
2005-12-29,41.39,41.95,41.1,41.5,86700.0,0.0,1.0,41.39,41.95,41.1,41.5,86700.0
2005-12-28,41.55,41.95,41.32,41.38,96400.0,0.0,1.0,41.55,41.95,41.32,41.38,96400.0
2005-12-27,42.45,42.6,41.25,41.43,131700.0,0.0,1.0,42.45,42.6,41.25,41.43,131700.0
2005-12-23,42.74,43.02,42.23,42.49,133500.0,0.0,1.0,42.74,43.02,42.23,42.49,133500.0
2005-12-22,41.43,43.09,41.43,42.74,294300.0,0.0,1.0,41.43,43.09,41.43,42.74,294300.0
2005-12-21,41.55,42.28,41.55,41.83,95800.0,0.0,1.0,41.55,42.28,41.55,41.83,95800.0
2005-12-20,40.65,41.5,40.62,41.4,195400.0,0.0,1.0,40.65,41.5,40.62,41.4,195400.0
2005-12-19,40.94,41.14,40.35,40.67,338200.0,0.0,1.0,40.94,41.14,40.35,40.67,338200.0
2005-12-16,41.58,41.6,40.8,40.94,227300.0,0.0,1.0,41.58,41.6,40.8,40.94,227300.0
2005-12-15,41.8,42.05,41.37,41.58,382000.0,0.0,1.0,41.8,42.05,41.37,41.58,382000.0
2005-12-14,42.16,42.22,41.55,41.7,314800.0,0.0,1.0,42.16,42.22,41.55,41.7,314800.0
2005-12-13,42.5,42.71,42.03,42.16,259700.0,0.0,1.0,42.5,42.71,42.03,42.16,259700.0
2005-12-12,42.05,42.8,42.04,42.56,304400.0,0.0,1.0,42.05,42.8,42.04,42.56,304400.0
2005-12-09,42.05,42.55,41.95,42.11,370500.0,0.0,1.0,42.05,42.55,41.95,42.11,370500.0
2005-12-08,40.6,42.11,40.57,42.1,611800.0,0.0,1.0,40.6,42.11,40.57,42.1,611800.0
2005-12-07,40.45,41.1,40.17,40.63,361100.0,0.0,1.0,40.45,41.1,40.17,40.63,361100.0
2005-12-06,40.25,41.05,40.25,40.6,288100.0,0.0,1.0,40.25,41.05,40.25,40.6,288100.0
2005-12-05,40.0,40.55,39.87,40.35,297900.0,0.0,1.0,40.0,40.55,39.87,40.35,297900.0
2005-12-02,40.13,40.72,40.0,40.49,337100.0,0.0,1.0,40.13,40.72,40.0,40.49,337100.0
2005-12-01,39.33,40.4,39.33,40.13,346000.0,0.0,1.0,39.33,40.4,39.33,40.13,346000.0
2005-11-30,38.81,39.66,38.67,39.48,356600.0,0.0,1.0,38.81,39.66,38.67,39.48,356600.0
2005-11-29,37.58,39.0,37.57,38.71,408500.0,0.0,1.0,37.58,39.0,37.57,38.71,408500.0
2005-11-28,38.5,38.5,37.14,37.33,250200.0,0.0,1.0,38.5,38.5,37.14,37.33,250200.0
2005-11-25,38.6,38.81,38.34,38.45,91100.0,0.0,1.0,38.6,38.81,38.34,38.45,91100.0
2005-11-23,38.23,39.31,38.1,38.6,245200.0,0.0,1.0,38.23,39.31,38.1,38.6,245200.0
2005-11-22,38.4,38.52,38.22,38.22,306700.0,0.0,1.0,38.4,38.52,38.22,38.22,306700.0
2005-11-21,37.8,38.5,37.8,38.5,397800.0,0.0,1.0,37.8,38.5,37.8,38.5,397800.0
2005-11-18,38.5,38.51,37.53,37.65,311400.0,0.0,1.0,38.5,38.51,37.53,37.65,311400.0
2005-11-17,38.46,38.6,38.33,38.5,329700.0,0.0,1.0,38.46,38.6,38.33,38.5,329700.0
2005-11-16,38.25,38.82,37.4,38.36,402900.0,0.0,1.0,38.25,38.82,37.4,38.36,402900.0
2005-11-15,38.95,39.75,38.34,38.52,379000.0,0.0,1.0,38.95,39.75,38.34,38.52,379000.0
2005-11-14,37.79,39.18,37.74,38.96,437900.0,0.0,1.0,37.79,39.18,37.74,38.96,437900.0
2005-11-11,37.61,38.0,37.56,37.79,237500.0,0.0,1.0,37.61,38.0,37.56,37.79,237500.0
2005-11-10,36.46,37.82,36.25,37.61,430300.0,0.0,1.0,36.46,37.82,36.25,37.61,430300.0
2005-11-09,36.13,36.5,35.99,36.46,308900.0,0.0,1.0,36.13,36.5,35.99,36.46,308900.0
2005-11-08,36.44,36.44,36.04,36.13,378500.0,0.0,1.0,36.44,36.44,36.04,36.13,378500.0
2005-11-07,36.1,36.45,36.0,36.4,319700.0,0.0,1.0,36.1,36.45,36.0,36.4,319700.0
2005-11-04,35.66,36.3,35.52,36.04,464400.0,0.0,1.0,35.66,36.3,35.52,36.04,464400.0
2005-11-03,35.5,36.04,35.1,35.61,460600.0,0.0,1.0,35.5,36.04,35.1,35.61,460600.0
2005-11-02,34.75,35.85,34.75,35.33,1911200.0,0.0,1.0,34.75,35.85,34.75,35.33,1911200.0
2005-11-01,31.35,32.14,31.01,31.81,470300.0,0.0,1.0,31.35,32.14,31.01,31.81,470300.0
2005-10-31,30.61,31.61,30.32,31.5,589800.0,0.0,1.0,30.61,31.61,30.32,31.5,589800.0
2005-10-28,30.33,30.82,30.1,30.41,289000.0,0.0,1.0,30.33,30.82,30.1,30.41,289000.0
2005-10-27,31.3,31.7,29.94,30.23,394300.0,0.0,1.0,31.3,31.7,29.94,30.23,394300.0
2005-10-26,32.13,32.5,30.54,30.74,551300.0,0.0,1.0,32.13,32.5,30.54,30.74,551300.0
2005-10-25,35.53,35.53,31.3,32.13,1338100.0,0.0,1.0,35.53,35.53,31.3,32.13,1338100.0
2005-10-24,35.13,35.6,34.75,35.53,377900.0,0.0,1.0,35.13,35.6,34.75,35.53,377900.0
2005-10-21,34.22,34.6,33.92,34.0,189200.0,0.0,1.0,34.22,34.6,33.92,34.0,189200.0
2005-10-20,33.95,34.37,33.5,34.22,331600.0,0.0,1.0,33.95,34.37,33.5,34.22,331600.0
2005-10-19,33.69,33.83,32.49,33.8,353400.0,0.0,1.0,33.69,33.83,32.49,33.8,353400.0
2005-10-18,34.12,34.65,33.66,33.68,240400.0,0.0,1.0,34.12,34.65,33.66,33.68,240400.0
2005-10-17,33.93,34.02,33.26,33.57,331500.0,0.0,1.0,33.93,34.02,33.26,33.57,331500.0
2005-10-14,33.76,34.1,33.29,33.92,339900.0,0.0,1.0,33.76,34.1,33.29,33.92,339900.0
2005-10-13,33.6,33.75,33.49,33.66,355100.0,0.0,1.0,33.6,33.75,33.49,33.66,355100.0
2005-10-12,34.45,34.51,33.06,33.7,387200.0,0.0,1.0,34.45,34.51,33.06,33.7,387200.0
2005-10-11,35.15,35.3,34.25,34.5,290000.0,0.0,1.0,35.15,35.3,34.25,34.5,290000.0
2005-10-10,34.95,35.38,34.87,35.11,217900.0,0.0,1.0,34.95,35.38,34.87,35.11,217900.0
2005-10-07,34.37,35.23,34.37,34.94,366200.0,0.0,1.0,34.37,35.23,34.37,34.94,366200.0
2005-10-06,35.08,35.4,33.9,34.52,400400.0,0.0,1.0,35.08,35.4,33.9,34.52,400400.0
2005-10-05,36.5,36.5,35.3,35.53,371600.0,0.0,1.0,36.5,36.5,35.3,35.53,371600.0
2005-10-04,36.17,36.9,36.15,36.45,362600.0,0.0,1.0,36.17,36.9,36.15,36.45,362600.0
2005-10-03,36.95,37.15,35.53,36.09,942400.0,0.0,1.0,36.95,37.15,35.53,36.09,942400.0
2005-09-30,36.95,37.85,36.55,37.05,716900.0,0.0,1.0,36.95,37.85,36.55,37.05,716900.0
2005-09-29,39.0,39.51,36.85,37.2,1969900.0,0.0,1.0,39.0,39.51,36.85,37.2,1969900.0
2005-09-28,41.52,41.88,41.1,41.66,259400.0,0.0,1.0,41.52,41.88,41.1,41.66,259400.0
2005-09-27,41.7,41.7,40.69,41.27,393700.0,0.0,1.0,41.7,41.7,40.69,41.27,393700.0
2005-09-26,40.4,40.8,39.68,40.5,420900.0,0.0,1.0,40.4,40.8,39.68,40.5,420900.0
2005-09-23,39.53,41.27,39.27,39.45,904600.0,0.0,1.0,39.53,41.27,39.27,39.45,904600.0
2005-09-22,37.76,40.75,37.15,40.1,841700.0,0.0,1.0,37.76,40.75,37.15,40.1,841700.0
2005-09-21,37.97,38.98,37.76,37.8,456600.0,0.0,1.0,37.97,38.98,37.76,37.8,456600.0
2005-09-20,37.58,38.75,37.51,37.96,349900.0,0.0,1.0,37.58,38.75,37.51,37.96,349900.0
2005-09-19,38.95,38.96,37.7,37.78,356300.0,0.0,1.0,38.95,38.96,37.7,37.78,356300.0
2005-09-16,40.1,40.1,38.0,39.11,1007200.0,0.0,1.0,40.1,40.1,38.0,39.11,1007200.0
2005-09-15,36.6,38.1,36.56,37.87,567100.0,0.0,1.0,36.6,38.1,36.56,37.87,567100.0
2005-09-14,36.05,36.74,36.0,36.5,327500.0,0.0,1.0,36.05,36.74,36.0,36.5,327500.0
2005-09-13,36.6,36.65,35.8,36.07,473100.0,0.0,1.0,36.6,36.65,35.8,36.07,473100.0
2005-09-12,35.9,36.65,35.75,36.59,289100.0,0.0,1.0,35.9,36.65,35.75,36.59,289100.0
2005-09-09,36.17,36.17,35.54,35.96,231300.0,0.0,1.0,36.17,36.17,35.54,35.96,231300.0
2005-09-08,37.03,37.03,36.03,36.17,991600.0,0.0,1.0,37.03,37.03,36.03,36.17,991600.0
2005-09-07,36.4,37.04,36.22,37.02,212100.0,0.0,1.0,36.4,37.04,36.22,37.02,212100.0
2005-09-06,36.95,36.95,36.3,36.45,169800.0,0.0,1.0,36.95,36.95,36.3,36.45,169800.0
2005-09-02,37.25,37.4,36.76,36.95,176100.0,0.0,1.0,37.25,37.4,36.76,36.95,176100.0
2005-09-01,37.5,37.55,36.88,37.25,152600.0,0.0,1.0,37.5,37.55,36.88,37.25,152600.0
2005-08-31,37.08,37.6,36.43,37.6,231000.0,0.0,1.0,37.08,37.6,36.43,37.6,231000.0
2005-08-30,35.81,37.14,35.53,37.02,326600.0,0.0,1.0,35.81,37.14,35.53,37.02,326600.0
2005-08-29,36.02,36.19,34.85,35.79,398000.0,0.0,1.0,36.02,36.19,34.85,35.79,398000.0
2005-08-26,36.35,36.45,36.1,36.22,268400.0,0.0,1.0,36.35,36.45,36.1,36.22,268400.0
2005-08-25,35.5,36.85,35.25,36.48,358500.0,0.0,1.0,35.5,36.85,35.25,36.48,358500.0
2005-08-24,36.89,37.03,36.05,36.26,202700.0,0.0,1.0,36.89,37.03,36.05,36.26,202700.0
2005-08-23,36.83,37.18,36.83,37.05,244700.0,0.0,1.0,36.83,37.18,36.83,37.05,244700.0
2005-08-22,36.85,37.09,36.63,36.84,140600.0,0.0,1.0,36.85,37.09,36.63,36.84,140600.0
2005-08-19,37.1,37.15,36.59,36.7,222500.0,0.0,1.0,37.1,37.15,36.59,36.7,222500.0
2005-08-18,37.35,37.5,36.82,36.93,408000.0,0.0,1.0,37.35,37.5,36.82,36.93,408000.0
2005-08-17,38.45,38.64,37.63,37.79,181400.0,0.0,1.0,38.45,38.64,37.63,37.79,181400.0
2005-08-16,39.0,39.0,38.25,38.6,237400.0,0.0,1.0,39.0,39.0,38.25,38.6,237400.0
2005-08-15,38.25,39.25,38.15,39.09,287400.0,0.0,1.0,38.25,39.25,38.15,39.09,287400.0
2005-08-12,38.25,38.47,37.82,38.26,256600.0,0.0,1.0,38.25,38.47,37.82,38.26,256600.0
2005-08-11,38.1,38.65,37.87,38.39,196600.0,0.0,1.0,38.1,38.65,37.87,38.39,196600.0
2005-08-10,39.84,39.84,37.56,38.2,294900.0,0.0,1.0,39.84,39.84,37.56,38.2,294900.0
2005-08-09,37.9,38.25,37.1,37.89,405800.0,0.0,1.0,37.9,38.25,37.1,37.89,405800.0
2005-08-08,37.5,38.54,37.4,37.63,628600.0,0.0,1.0,37.5,38.54,37.4,37.63,628600.0
2005-08-05,38.95,38.95,37.26,37.5,415900.0,0.0,1.0,38.95,38.95,37.26,37.5,415900.0
2005-08-04,40.0,40.75,38.35,38.95,1103200.0,0.0,1.0,40.0,40.75,38.35,38.95,1103200.0
2005-08-03,38.76,39.43,38.09,38.61,652400.0,0.0,1.0,38.76,39.43,38.09,38.61,652400.0
2005-08-02,38.65,38.92,38.22,38.86,326400.0,0.0,1.0,38.65,38.92,38.22,38.86,326400.0
2005-08-01,38.05,38.74,37.83,38.55,413200.0,0.0,1.0,38.05,38.74,37.83,38.55,413200.0
2005-07-29,37.53,38.49,37.53,38.32,350200.0,0.0,1.0,37.53,38.49,37.53,38.32,350200.0
2005-07-28,36.35,39.75,36.31,37.53,1456700.0,0.0,1.0,36.35,39.75,36.31,37.53,1456700.0
2005-07-27,38.5,38.51,36.05,36.45,1359000.0,0.0,1.0,38.5,38.51,36.05,36.45,1359000.0
2005-07-26,39.28,39.75,38.02,38.62,904800.0,0.0,1.0,39.28,39.75,38.02,38.62,904800.0
2005-07-25,39.45,40.16,39.19,39.28,343900.0,0.0,1.0,39.45,40.16,39.19,39.28,343900.0
2005-07-22,38.6,39.45,37.2,39.45,835900.0,0.0,1.0,38.6,39.45,37.2,39.45,835900.0
2005-07-21,41.25,41.25,36.73,38.8,3233100.0,0.0,1.0,41.25,41.25,36.73,38.8,3233100.0
2005-07-20,43.16,44.4,42.84,43.36,948500.0,0.0,1.0,43.16,44.4,42.84,43.36,948500.0
2005-07-19,41.05,43.35,39.96,43.14,3132700.0,0.0,1.0,41.05,43.35,39.96,43.14,3132700.0
2005-07-18,40.1,40.79,39.81,40.65,212000.0,0.0,1.0,40.1,40.79,39.81,40.65,212000.0
2005-07-15,40.13,40.5,39.51,40.2,245500.0,0.0,1.0,40.13,40.5,39.51,40.2,245500.0
2005-07-14,39.2,40.62,38.9,40.33,402400.0,0.0,1.0,39.2,40.62,38.9,40.33,402400.0
2005-07-13,41.25,41.39,38.4,39.2,544700.0,0.0,1.0,41.25,41.39,38.4,39.2,544700.0
2005-07-12,40.0,41.05,39.95,40.66,675800.0,0.0,1.0,40.0,41.05,39.95,40.66,675800.0
2005-07-11,40.0,41.23,39.9,41.1,708100.0,0.0,1.0,40.0,41.23,39.9,41.1,708100.0
2005-07-08,38.48,39.89,38.1,39.88,982400.0,0.0,1.0,38.48,39.89,38.1,39.88,982400.0
2005-07-07,36.75,37.98,36.7,37.91,378500.0,0.0,1.0,36.75,37.98,36.7,37.91,378500.0
2005-07-06,37.05,38.5,36.6,37.5,1738200.0,0.0,1.0,37.05,38.5,36.6,37.5,1738200.0
2005-07-05,35.63,36.4,35.55,36.39,867900.0,0.0,1.0,35.63,36.4,35.55,36.39,867900.0
2005-07-01,35.8,35.85,35.5,35.53,538400.0,0.0,1.0,35.8,35.85,35.5,35.53,538400.0
2005-06-30,35.6,35.79,35.24,35.51,2752800.0,0.0,1.0,35.6,35.79,35.24,35.51,2752800.0
2005-06-29,35.65,36.55,35.51,36.25,573000.0,0.0,1.0,35.65,36.55,35.51,36.25,573000.0
2005-06-28,35.91,36.79,35.46,35.55,489100.0,0.0,1.0,35.91,36.79,35.46,35.55,489100.0
2005-06-27,36.44,36.47,35.24,35.86,319900.0,0.0,1.0,36.44,36.47,35.24,35.86,319900.0
2005-06-24,36.18,36.33,34.82,35.64,557700.0,0.0,1.0,36.18,36.33,34.82,35.64,557700.0
2005-06-23,35.35,36.36,35.05,36.18,259700.0,0.0,1.0,35.35,36.36,35.05,36.18,259700.0
2005-06-22,36.25,36.45,34.81,35.31,241500.0,0.0,1.0,36.25,36.45,34.81,35.31,241500.0
2005-06-21,36.34,37.15,36.22,36.23,187000.0,0.0,1.0,36.34,37.15,36.22,36.23,187000.0
2005-06-20,35.9,36.25,35.88,36.04,188300.0,0.0,1.0,35.9,36.25,35.88,36.04,188300.0
2005-06-17,36.5,36.5,35.6,35.75,610500.0,0.0,1.0,36.5,36.5,35.6,35.75,610500.0
2005-06-16,35.35,37.4,35.35,35.51,918200.0,0.0,1.0,35.35,37.4,35.35,35.51,918200.0
2005-06-15,34.49,34.95,34.26,34.95,90600.0,0.0,1.0,34.49,34.95,34.26,34.95,90600.0
2005-06-14,34.36,34.6,34.26,34.45,87000.0,0.0,1.0,34.36,34.6,34.26,34.45,87000.0
2005-06-13,34.28,34.6,34.28,34.51,140700.0,0.0,1.0,34.28,34.6,34.28,34.51,140700.0
2005-06-10,34.75,34.75,33.8,34.18,175000.0,0.0,1.0,34.75,34.75,33.8,34.18,175000.0
2005-06-09,35.05,35.1,34.7,35.0,96400.0,0.0,1.0,35.05,35.1,34.7,35.0,96400.0
2005-06-08,35.05,35.45,34.9,35.12,83700.0,0.0,1.0,35.05,35.45,34.9,35.12,83700.0
2005-06-07,35.0,35.49,34.75,34.9,145700.0,0.0,1.0,35.0,35.49,34.75,34.9,145700.0
2005-06-06,34.78,35.08,34.55,34.95,78400.0,0.0,1.0,34.78,35.08,34.55,34.95,78400.0
2005-06-03,34.75,35.05,34.72,34.76,106600.0,0.0,1.0,34.75,35.05,34.72,34.76,106600.0
2005-06-02,35.71,35.72,33.78,34.75,460900.0,0.0,1.0,35.71,35.72,33.78,34.75,460900.0
2005-06-01,34.95,35.75,34.83,35.73,251800.0,0.0,1.0,34.95,35.75,34.83,35.73,251800.0
2005-05-31,35.35,35.49,34.3,34.7,166900.0,0.0,1.0,35.35,35.49,34.3,34.7,166900.0
2005-05-27,34.64,35.36,34.63,35.22,79300.0,0.0,1.0,34.64,35.36,34.63,35.22,79300.0
2005-05-26,34.03,34.64,34.03,34.62,76800.0,0.0,1.0,34.03,34.64,34.03,34.62,76800.0
2005-05-25,34.8,34.84,33.54,33.88,85500.0,0.0,1.0,34.8,34.84,33.54,33.88,85500.0
2005-05-24,34.24,34.79,34.15,34.7,84700.0,0.0,1.0,34.24,34.79,34.15,34.7,84700.0
2005-05-23,32.93,34.31,32.88,34.09,169200.0,0.0,1.0,32.93,34.31,32.88,34.09,169200.0
2005-05-20,34.05,34.7,32.63,33.03,232400.0,0.0,1.0,34.05,34.7,32.63,33.03,232400.0
2005-05-19,33.3,33.99,33.11,33.95,100200.0,0.0,1.0,33.3,33.99,33.11,33.95,100200.0
2005-05-18,32.49,33.31,32.49,33.31,210000.0,0.0,1.0,32.49,33.31,32.49,33.31,210000.0
2005-05-17,32.5,32.77,32.05,32.39,136100.0,0.0,1.0,32.5,32.77,32.05,32.39,136100.0
2005-05-16,31.8,32.65,31.8,32.35,141000.0,0.0,1.0,31.8,32.65,31.8,32.35,141000.0
2005-05-13,32.71,33.0,31.7,31.8,208300.0,0.0,1.0,32.71,33.0,31.7,31.8,208300.0
2005-05-12,33.23,33.25,32.42,32.76,220100.0,0.0,1.0,33.23,33.25,32.42,32.76,220100.0
2005-05-11,33.45,33.89,32.3,32.88,262100.0,0.0,1.0,33.45,33.89,32.3,32.88,262100.0
2005-05-10,33.3,34.24,33.05,33.4,742600.0,0.0,1.0,33.3,34.24,33.05,33.4,742600.0
2005-05-09,31.6,31.83,31.3,31.72,209300.0,0.0,1.0,31.6,31.83,31.3,31.72,209300.0
2005-05-06,30.85,31.97,30.85,31.57,243600.0,0.0,1.0,30.85,31.97,30.85,31.57,243600.0
2005-05-05,30.0,30.73,29.9,30.68,97000.0,0.0,1.0,30.0,30.73,29.9,30.68,97000.0
2005-05-04,29.45,30.38,29.45,30.2,190300.0,0.0,1.0,29.45,30.38,29.45,30.2,190300.0
2005-05-03,29.5,29.74,28.85,29.2,68200.0,0.0,1.0,29.5,29.74,28.85,29.2,68200.0
2005-05-02,29.55,29.9,29.24,29.55,85700.0,0.0,1.0,29.55,29.9,29.24,29.55,85700.0
2005-04-29,28.84,29.66,28.67,29.5,173300.0,0.0,1.0,28.84,29.66,28.67,29.5,173300.0
2005-04-28,29.1,29.17,28.4,28.64,59000.0,0.0,1.0,29.1,29.17,28.4,28.64,59000.0
2005-04-27,28.3,29.0,27.77,28.9,239700.0,0.0,1.0,28.3,29.0,27.77,28.9,239700.0
2005-04-26,29.85,29.85,28.15,28.31,188500.0,0.0,1.0,29.85,29.85,28.15,28.31,188500.0
2005-04-25,29.75,30.25,29.71,29.9,63500.0,0.0,1.0,29.75,30.25,29.71,29.9,63500.0
2005-04-22,30.4,30.4,29.15,29.6,173800.0,0.0,1.0,30.4,30.4,29.15,29.6,173800.0
2005-04-21,29.14,30.81,28.97,30.4,198200.0,0.0,1.0,29.14,30.81,28.97,30.4,198200.0
2005-04-20,29.36,29.5,28.8,28.94,72100.0,0.0,1.0,29.36,29.5,28.8,28.94,72100.0
2005-04-19,28.84,29.51,28.49,29.41,174600.0,0.0,1.0,28.84,29.51,28.49,29.41,174600.0
2005-04-18,29.4,29.49,28.28,28.94,111100.0,0.0,1.0,29.4,29.49,28.28,28.94,111100.0
2005-04-15,29.1,29.55,28.5,29.43,193900.0,0.0,1.0,29.1,29.55,28.5,29.43,193900.0
2005-04-14,31.05,31.1,28.51,29.09,596700.0,0.0,1.0,31.05,31.1,28.51,29.09,596700.0
2005-04-13,32.46,32.46,30.99,31.09,99200.0,0.0,1.0,32.46,32.46,30.99,31.09,99200.0
2005-04-12,31.3,32.48,31.0,32.46,162200.0,0.0,1.0,31.3,32.48,31.0,32.46,162200.0
2005-04-11,30.84,31.65,30.5,31.26,278500.0,0.0,1.0,30.84,31.65,30.5,31.26,278500.0
2005-04-08,30.75,31.25,30.3,30.6,222900.0,0.0,1.0,30.75,31.25,30.3,30.6,222900.0
2005-04-07,30.78,30.95,30.46,30.62,89300.0,0.0,1.0,30.78,30.95,30.46,30.62,89300.0
2005-04-06,30.85,31.53,30.85,30.93,447400.0,0.0,1.0,30.85,31.53,30.85,30.93,447400.0
2005-04-05,30.97,31.15,30.7,31.0,111000.0,0.0,1.0,30.97,31.15,30.7,31.0,111000.0
2005-04-04,31.55,31.55,30.91,31.02,122800.0,0.0,1.0,31.55,31.55,30.91,31.02,122800.0
2005-04-01,30.5,31.69,30.35,31.63,340100.0,0.0,1.0,30.5,31.69,30.35,31.63,340100.0
2005-03-31,30.38,30.74,29.45,30.46,201900.0,0.0,1.0,30.38,30.74,29.45,30.46,201900.0
2005-03-30,28.2,30.45,27.93,30.4,309800.0,0.0,1.0,28.2,30.45,27.93,30.4,309800.0
2005-03-29,28.2,28.46,27.94,28.35,265800.0,0.0,1.0,28.2,28.46,27.94,28.35,265800.0
2005-03-28,27.8,28.25,27.8,28.1,282300.0,0.0,1.0,27.8,28.25,27.8,28.1,282300.0
2005-03-24,27.85,27.99,27.4,27.8,145500.0,0.0,1.0,27.85,27.99,27.4,27.8,145500.0
2005-03-23,28.5,28.55,27.75,27.81,147000.0,0.0,1.0,28.5,28.55,27.75,27.81,147000.0
2005-03-22,27.98,28.6,27.95,28.42,377100.0,0.0,1.0,27.98,28.6,27.95,28.42,377100.0
2005-03-21,28.41,28.68,27.7,28.08,172700.0,0.0,1.0,28.41,28.68,27.7,28.08,172700.0
2005-03-18,28.42,28.54,28.16,28.4,143700.0,0.0,1.0,28.42,28.54,28.16,28.4,143700.0
2005-03-17,28.2,28.5,27.7,28.37,236400.0,0.0,1.0,28.2,28.5,27.7,28.37,236400.0
2005-03-16,29.03,29.1,27.5,28.3,406200.0,0.0,1.0,29.03,29.1,27.5,28.3,406200.0
2005-03-15,30.38,30.85,29.51,29.73,121100.0,0.0,1.0,30.38,30.85,29.51,29.73,121100.0
2005-03-14,30.85,31.06,30.08,30.38,118600.0,0.0,1.0,30.85,31.06,30.08,30.38,118600.0
2005-03-11,31.58,31.74,30.6,31.0,145600.0,0.0,1.0,31.58,31.74,30.6,31.0,145600.0
2005-03-10,31.75,31.9,31.15,31.48,70300.0,0.0,1.0,31.75,31.9,31.15,31.48,70300.0
2005-03-09,32.0,32.2,31.61,31.75,151200.0,0.0,1.0,32.0,32.2,31.61,31.75,151200.0
2005-03-08,32.26,32.67,31.9,32.05,395500.0,0.0,1.0,32.26,32.67,31.9,32.05,395500.0
2005-03-07,32.75,32.85,31.88,32.16,161400.0,0.0,1.0,32.75,32.85,31.88,32.16,161400.0
2005-03-04,31.16,31.92,30.1,31.82,234200.0,0.0,1.0,31.16,31.92,30.1,31.82,234200.0
2005-03-03,32.19,32.2,30.81,31.01,139400.0,0.0,1.0,32.19,32.2,30.81,31.01,139400.0
2005-03-02,32.0,32.19,31.33,32.14,131600.0,0.0,1.0,32.0,32.19,31.33,32.14,131600.0
2005-03-01,31.39,32.24,31.22,32.06,150400.0,0.0,1.0,31.39,32.24,31.22,32.06,150400.0
2005-02-28,31.35,31.6,30.65,31.39,397200.0,0.0,1.0,31.35,31.6,30.65,31.39,397200.0
2005-02-25,31.05,31.37,30.53,31.37,255100.0,0.0,1.0,31.05,31.37,30.53,31.37,255100.0
2005-02-24,31.45,31.5,30.1,31.2,386400.0,0.0,1.0,31.45,31.5,30.1,31.2,386400.0
2005-02-23,29.55,31.6,29.51,31.49,408500.0,0.0,1.0,29.55,31.6,29.51,31.49,408500.0
2005-02-22,31.58,32.0,30.15,30.32,604200.0,0.0,1.0,31.58,32.0,30.15,30.32,604200.0
2005-02-18,33.58,33.8,32.1,32.7,255100.0,0.0,1.0,33.58,33.8,32.1,32.7,255100.0
2005-02-17,34.12,34.15,33.03,33.58,311600.0,0.0,1.0,34.12,34.15,33.03,33.58,311600.0
2005-02-16,34.6,34.65,33.86,34.42,391000.0,0.0,1.0,34.6,34.65,33.86,34.42,391000.0
2005-02-15,36.3,36.31,32.95,34.67,1082100.0,0.0,1.0,36.3,36.31,32.95,34.67,1082100.0
2005-02-14,37.44,38.49,36.9,37.95,443500.0,0.0,1.0,37.44,38.49,36.9,37.95,443500.0
2005-02-11,35.17,36.47,35.11,36.44,215800.0,0.0,1.0,35.17,36.47,35.11,36.44,215800.0
2005-02-10,35.75,35.85,34.2,35.17,181100.0,0.0,1.0,35.75,35.85,34.2,35.17,181100.0
2005-02-09,36.41,36.46,34.87,35.39,150600.0,0.0,1.0,36.41,36.46,34.87,35.39,150600.0
2005-02-08,36.98,37.06,35.82,36.26,104700.0,0.0,1.0,36.98,37.06,35.82,36.26,104700.0
2005-02-07,37.98,37.98,36.09,36.88,213100.0,0.0,1.0,37.98,37.98,36.09,36.88,213100.0
2005-02-04,36.16,37.5,36.0,37.38,234400.0,0.0,1.0,36.16,37.5,36.0,37.38,234400.0
2005-02-03,36.19,36.75,35.4,35.78,230500.0,0.0,1.0,36.19,36.75,35.4,35.78,230500.0
2005-02-02,35.65,36.45,33.3,36.28,500500.0,0.0,1.0,35.65,36.45,33.3,36.28,500500.0
2005-02-01,35.3,36.5,35.11,35.64,449700.0,0.0,1.0,35.3,36.5,35.11,35.64,449700.0
2005-01-31,33.88,35.59,33.48,35.2,606000.0,0.0,1.0,33.88,35.59,33.48,35.2,606000.0
2005-01-28,33.6,33.64,32.6,33.58,120400.0,0.0,1.0,33.6,33.64,32.6,33.58,120400.0
2005-01-27,33.05,34.2,32.63,33.35,311500.0,0.0,1.0,33.05,34.2,32.63,33.35,311500.0
2005-01-26,31.8,33.57,31.65,33.1,423300.0,0.0,1.0,31.8,33.57,31.65,33.1,423300.0
2005-01-25,31.85,32.27,31.75,31.8,78700.0,0.0,1.0,31.85,32.27,31.75,31.8,78700.0
2005-01-24,32.4,32.44,31.82,31.88,108700.0,0.0,1.0,32.4,32.44,31.82,31.88,108700.0
2005-01-21,32.43,32.5,32.1,32.34,198200.0,0.0,1.0,32.43,32.5,32.1,32.34,198200.0
2005-01-20,31.85,32.4,31.6,32.28,232100.0,0.0,1.0,31.85,32.4,31.6,32.28,232100.0
2005-01-19,32.03,32.2,31.55,31.78,98000.0,0.0,1.0,32.03,32.2,31.55,31.78,98000.0
2005-01-18,32.21,32.22,31.8,32.13,155400.0,0.0,1.0,32.21,32.22,31.8,32.13,155400.0
2005-01-14,31.9,32.33,31.76,32.2,267200.0,0.0,1.0,31.9,32.33,31.76,32.2,267200.0
2005-01-13,31.05,31.84,31.04,31.84,291900.0,0.0,1.0,31.05,31.84,31.04,31.84,291900.0
2005-01-12,29.95,30.95,29.85,30.95,251700.0,0.0,1.0,29.95,30.95,29.85,30.95,251700.0
2005-01-11,30.02,30.2,29.61,30.0,302800.0,0.0,1.0,30.02,30.2,29.61,30.0,302800.0
2005-01-10,31.0,31.05,29.0,30.02,535600.0,0.0,1.0,31.0,31.05,29.0,30.02,535600.0
2005-01-07,31.71,31.71,30.02,31.01,282200.0,0.0,1.0,31.71,31.71,30.02,31.01,282200.0
2005-01-06,32.73,32.93,31.56,31.66,232200.0,0.0,1.0,32.73,32.93,31.56,31.66,232200.0
2005-01-05,31.65,32.9,31.45,32.66,421300.0,0.0,1.0,31.65,32.9,31.45,32.66,421300.0
2005-01-04,32.8,32.85,31.51,31.84,145800.0,0.0,1.0,32.8,32.85,31.51,31.84,145800.0
2005-01-03,32.51,33.0,32.5,32.7,385700.0,0.0,1.0,32.51,33.0,32.5,32.7,385700.0
2004-12-31,32.43,33.21,32.3,32.5,208200.0,0.0,1.0,32.43,33.21,32.3,32.5,208200.0
2004-12-30,32.4,32.5,31.75,32.21,92100.0,0.0,1.0,32.4,32.5,31.75,32.21,92100.0
2004-12-29,32.0,32.39,31.25,32.35,363200.0,0.0,1.0,32.0,32.39,31.25,32.35,363200.0
2004-12-28,30.4,32.0,30.2,31.75,265400.0,0.0,1.0,30.4,32.0,30.2,31.75,265400.0
2004-12-27,30.8,31.19,30.18,30.5,201200.0,0.0,1.0,30.8,31.19,30.18,30.5,201200.0
2004-12-23,30.37,30.94,30.31,30.75,86800.0,0.0,1.0,30.37,30.94,30.31,30.75,86800.0
2004-12-22,31.15,31.25,30.01,30.62,200600.0,0.0,1.0,31.15,31.25,30.01,30.62,200600.0
2004-12-21,31.18,31.61,31.06,31.35,204200.0,0.0,1.0,31.18,31.61,31.06,31.35,204200.0
2004-12-20,31.94,31.95,31.2,31.25,259300.0,0.0,1.0,31.94,31.95,31.2,31.25,259300.0
2004-12-17,32.3,32.3,30.51,31.9,3013500.0,0.0,1.0,32.3,32.3,30.51,31.9,3013500.0
2004-12-16,34.68,34.9,32.74,33.12,567900.0,0.0,1.0,34.68,34.9,32.74,33.12,567900.0
2004-12-15,33.67,34.85,33.56,34.62,278600.0,0.0,1.0,33.67,34.85,33.56,34.62,278600.0
2004-12-14,34.03,34.55,33.57,33.66,233500.0,0.0,1.0,34.03,34.55,33.57,33.66,233500.0
2004-12-13,32.47,34.51,31.99,33.6,274200.0,0.0,1.0,32.47,34.51,31.99,33.6,274200.0
2004-12-10,33.05,33.05,32.25,32.4,117300.0,0.0,1.0,33.05,33.05,32.25,32.4,117300.0
2004-12-09,33.0,33.21,31.45,32.95,161000.0,0.0,1.0,33.0,33.21,31.45,32.95,161000.0
2004-12-08,33.0,33.57,30.75,32.85,205700.0,0.0,1.0,33.0,33.57,30.75,32.85,205700.0
2004-12-07,31.38,34.18,31.3,33.0,449200.0,0.0,1.0,31.38,34.18,31.3,33.0,449200.0
2004-12-06,31.35,31.83,31.01,31.38,87100.0,0.0,1.0,31.35,31.83,31.01,31.38,87100.0
2004-12-03,31.88,31.88,30.75,31.47,118000.0,0.0,1.0,31.88,31.88,30.75,31.47,118000.0
2004-12-02,32.3,32.54,31.25,31.68,398300.0,0.0,1.0,32.3,32.54,31.25,31.68,398300.0
2004-12-01,33.02,33.23,31.35,31.91,145600.0,0.0,1.0,33.02,33.23,31.35,31.91,145600.0
2004-11-30,30.6,32.95,30.15,32.77,137000.0,0.0,1.0,30.6,32.95,30.15,32.77,137000.0
2004-11-29,29.85,30.65,29.65,30.23,101200.0,0.0,1.0,29.85,30.65,29.65,30.23,101200.0
2004-11-26,28.9,29.78,28.9,29.6,171100.0,0.0,1.0,28.9,29.78,28.9,29.6,171100.0
2004-11-24,28.4,28.98,28.14,28.87,99900.0,0.0,1.0,28.4,28.98,28.14,28.87,99900.0
2004-11-23,28.7,29.35,27.8,28.5,126500.0,0.0,1.0,28.7,29.35,27.8,28.5,126500.0
2004-11-22,28.85,29.55,28.8,29.04,137400.0,0.0,1.0,28.85,29.55,28.8,29.04,137400.0
2004-11-19,28.95,28.99,28.55,28.7,142200.0,0.0,1.0,28.95,28.99,28.55,28.7,142200.0
2004-11-18,28.5,29.33,28.5,28.83,212200.0,0.0,1.0,28.5,29.33,28.5,28.83,212200.0
2004-11-17,26.55,28.75,26.55,28.25,391800.0,0.0,1.0,26.55,28.75,26.55,28.25,391800.0
2004-11-16,26.42,26.5,25.8,26.4,185900.0,0.0,1.0,26.42,26.5,25.8,26.4,185900.0
2004-11-15,26.35,27.0,26.35,26.38,227000.0,0.0,1.0,26.35,27.0,26.35,26.38,227000.0
2004-11-12,26.7,26.7,25.8,26.29,85800.0,0.0,1.0,26.7,26.7,25.8,26.29,85800.0
2004-11-11,26.75,27.25,26.34,26.66,133300.0,0.0,1.0,26.75,27.25,26.34,26.66,133300.0
2004-11-10,27.52,27.83,26.61,26.83,104500.0,0.0,1.0,27.52,27.83,26.61,26.83,104500.0
2004-11-09,27.5,28.3,27.5,27.56,187300.0,0.0,1.0,27.5,28.3,27.5,27.56,187300.0
2004-11-08,26.65,28.05,26.65,27.25,140100.0,0.0,1.0,26.65,28.05,26.65,27.25,140100.0
2004-11-05,25.7,27.88,25.51,26.65,378000.0,0.0,1.0,25.7,27.88,25.51,26.65,378000.0
2004-11-04,23.45,23.8,23.25,23.8,201600.0,0.0,1.0,23.45,23.8,23.25,23.8,201600.0
2004-11-03,23.0,23.5,22.95,23.5,41600.0,0.0,1.0,23.0,23.5,22.95,23.5,41600.0
2004-11-02,22.75,23.05,22.45,22.75,52500.0,0.0,1.0,22.75,23.05,22.45,22.75,52500.0
2004-11-01,22.9,22.9,22.66,22.84,86000.0,0.0,1.0,22.9,22.9,22.66,22.84,86000.0
2004-10-29,22.64,23.02,22.15,22.9,91300.0,0.0,1.0,22.64,23.02,22.15,22.9,91300.0
2004-10-28,23.5,23.5,22.27,22.54,106200.0,0.0,1.0,23.5,23.5,22.27,22.54,106200.0
2004-10-27,21.8,21.95,21.7,21.83,55600.0,0.0,1.0,21.8,21.95,21.7,21.83,55600.0
2004-10-26,21.15,22.05,21.15,21.76,108900.0,0.0,1.0,21.15,22.05,21.15,21.76,108900.0
2004-10-25,20.97,21.0,20.88,20.99,35500.0,0.0,1.0,20.97,21.0,20.88,20.99,35500.0
2004-10-22,20.66,20.92,20.65,20.92,99200.0,0.0,1.0,20.66,20.92,20.65,20.92,99200.0
2004-10-21,20.66,20.8,20.33,20.76,22400.0,0.0,1.0,20.66,20.8,20.33,20.76,22400.0
2004-10-20,20.0,20.75,20.0,20.71,135900.0,0.0,1.0,20.0,20.75,20.0,20.71,135900.0
2004-10-19,20.17,20.17,18.62,19.98,256700.0,0.0,1.0,20.17,20.17,18.62,19.98,256700.0
2004-10-18,20.0,20.23,19.95,20.22,29200.0,0.0,1.0,20.0,20.23,19.95,20.22,29200.0
2004-10-15,20.1,20.1,19.8,20.0,47300.0,0.0,1.0,20.1,20.1,19.8,20.0,47300.0
2004-10-14,19.95,20.07,19.92,20.05,22300.0,0.0,1.0,19.95,20.07,19.92,20.05,22300.0
2004-10-13,20.15,20.39,20.15,20.3,30600.0,0.0,1.0,20.15,20.39,20.15,20.3,30600.0
2004-10-12,19.98,20.2,19.83,19.92,30500.0,0.0,1.0,19.98,20.2,19.83,19.92,30500.0
2004-10-11,19.95,20.12,19.93,20.0,87400.0,0.0,1.0,19.95,20.12,19.93,20.0,87400.0
2004-10-08,20.0,20.15,19.95,20.0,125900.0,0.0,1.0,20.0,20.15,19.95,20.0,125900.0
2004-10-07,20.35,20.35,19.95,20.06,21200.0,0.0,1.0,20.35,20.35,19.95,20.06,21200.0
2004-10-06,19.8,20.32,19.66,20.3,48200.0,0.0,1.0,19.8,20.32,19.66,20.3,48200.0
2004-10-05,20.04,20.12,19.95,19.95,66600.0,0.0,1.0,20.04,20.12,19.95,19.95,66600.0
2004-10-04,19.18,20.19,19.18,20.08,123700.0,0.0,1.0,19.18,20.19,19.18,20.08,123700.0
2004-10-01,19.05,19.18,18.85,19.17,151900.0,0.0,1.0,19.05,19.18,18.85,19.17,151900.0
2004-09-30,19.32,19.77,18.85,18.95,459000.0,0.0,1.0,19.32,19.77,18.85,18.95,459000.0
2004-09-29,19.12,19.37,18.99,19.37,198500.0,0.0,1.0,19.12,19.37,18.99,19.37,198500.0
2004-09-28,19.32,19.32,18.41,19.0,119500.0,0.0,1.0,19.32,19.32,18.41,19.0,119500.0
2004-09-27,19.35,19.52,19.2,19.4,63900.0,0.0,1.0,19.35,19.52,19.2,19.4,63900.0
2004-09-24,19.84,19.93,19.05,19.3,139400.0,0.0,1.0,19.84,19.93,19.05,19.3,139400.0
2004-09-23,20.55,20.55,19.68,19.82,82800.0,0.0,1.0,20.55,20.55,19.68,19.82,82800.0
2004-09-22,20.49,20.79,20.3,20.6,33200.0,0.0,1.0,20.49,20.79,20.3,20.6,33200.0
2004-09-21,20.4,20.55,20.4,20.54,63200.0,0.0,1.0,20.4,20.55,20.4,20.54,63200.0
2004-09-20,20.17,20.46,20.17,20.4,44700.0,0.0,1.0,20.17,20.46,20.17,20.4,44700.0
2004-09-17,20.58,20.58,19.96,20.07,29200.0,0.0,1.0,20.58,20.58,19.96,20.07,29200.0
2004-09-16,20.7,20.8,20.34,20.54,50700.0,0.0,1.0,20.7,20.8,20.34,20.54,50700.0
2004-09-15,20.87,20.93,20.47,20.8,107200.0,0.0,1.0,20.87,20.93,20.47,20.8,107200.0
2004-09-14,20.5,20.8,20.4,20.77,65500.0,0.0,1.0,20.5,20.8,20.4,20.77,65500.0
2004-09-13,19.88,20.4,19.88,20.36,156800.0,0.0,1.0,19.88,20.4,19.88,20.36,156800.0
2004-09-10,19.12,19.99,19.12,19.86,74600.0,0.0,1.0,19.12,19.99,19.12,19.86,74600.0
2004-09-09,19.0,19.26,18.79,19.12,55300.0,0.0,1.0,19.0,19.26,18.79,19.12,55300.0
2004-09-08,19.05,19.2,18.95,19.0,90800.0,0.0,1.0,19.05,19.2,18.95,19.0,90800.0
2004-09-07,18.6,18.85,18.57,18.8,38500.0,0.0,1.0,18.6,18.85,18.57,18.8,38500.0
2004-09-03,18.9,18.9,18.55,18.6,75500.0,0.0,1.0,18.9,18.9,18.55,18.6,75500.0
2004-09-02,18.85,18.85,18.52,18.65,62700.0,0.0,1.0,18.85,18.85,18.52,18.65,62700.0
2004-09-01,18.5,18.53,18.41,18.42,75600.0,0.0,1.0,18.5,18.53,18.41,18.42,75600.0
2004-08-31,18.35,18.35,18.1,18.25,92000.0,0.0,1.0,18.35,18.35,18.1,18.25,92000.0
2004-08-30,18.15,18.3,18.15,18.2,29000.0,0.0,1.0,18.15,18.3,18.15,18.2,29000.0
2004-08-27,18.2,18.22,18.1,18.2,11700.0,0.0,1.0,18.2,18.22,18.1,18.2,11700.0
2004-08-26,18.25,18.27,18.19,18.2,9800.0,0.0,1.0,18.25,18.27,18.19,18.2,9800.0
2004-08-25,18.1,18.21,18.0,18.21,12900.0,0.0,1.0,18.1,18.21,18.0,18.21,12900.0
2004-08-24,18.5,18.55,17.85,18.05,27600.0,0.0,1.0,18.5,18.55,17.85,18.05,27600.0
2004-08-23,18.71,18.8,18.4,18.5,230500.0,0.0,1.0,18.71,18.8,18.4,18.5,230500.0
2004-08-20,18.88,19.05,18.8,18.81,17300.0,0.0,1.0,18.88,19.05,18.8,18.81,17300.0
2004-08-19,19.14,19.15,18.91,18.98,17300.0,0.0,1.0,19.14,19.15,18.91,18.98,17300.0
2004-08-18,18.9,19.25,18.87,19.16,48500.0,0.0,1.0,18.9,19.25,18.87,19.16,48500.0
2004-08-17,19.08,19.1,18.6,18.6,108600.0,0.0,1.0,19.08,19.1,18.6,18.6,108600.0
2004-08-16,18.97,19.25,18.97,19.13,23000.0,0.0,1.0,18.97,19.25,18.97,19.13,23000.0
2004-08-13,19.21,19.42,18.85,19.02,59700.0,0.0,1.0,19.21,19.42,18.85,19.02,59700.0
2004-08-12,18.7,19.1,18.45,18.67,128500.0,0.0,1.0,18.7,19.1,18.45,18.67,128500.0
2004-08-11,17.9,18.15,17.59,17.91,360200.0,0.0,1.0,17.9,18.15,17.59,17.91,360200.0
2004-08-10,18.51,18.55,17.3,17.92,194500.0,0.0,1.0,18.51,18.55,17.3,17.92,194500.0
2004-08-09,19.0,19.01,18.3,18.48,84400.0,0.0,1.0,19.0,19.01,18.3,18.48,84400.0
2004-08-06,19.1,19.12,19.0,19.02,135400.0,0.0,1.0,19.1,19.12,19.0,19.02,135400.0
2004-08-05,19.05,19.14,19.01,19.1,21400.0,0.0,1.0,19.05,19.14,19.01,19.1,21400.0
2004-08-04,19.1,19.1,19.0,19.08,138600.0,0.0,1.0,19.1,19.1,19.0,19.08,138600.0
2004-08-03,19.0,19.16,19.0,19.05,81000.0,0.0,1.0,19.0,19.16,19.0,19.05,81000.0
2004-08-02,19.5,19.6,19.0,19.01,87400.0,0.0,1.0,19.5,19.6,19.0,19.01,87400.0
2004-07-30,19.65,19.65,19.5,19.61,32400.0,0.0,1.0,19.65,19.65,19.5,19.61,32400.0
2004-07-29,19.35,19.7,19.34,19.7,39900.0,0.0,1.0,19.35,19.7,19.34,19.7,39900.0
2004-07-28,19.35,19.35,19.05,19.35,72700.0,0.0,1.0,19.35,19.35,19.05,19.35,72700.0
2004-07-27,19.7,19.7,19.37,19.5,187700.0,0.0,1.0,19.7,19.7,19.37,19.5,187700.0
2004-07-26,19.75,19.9,19.75,19.77,66700.0,0.0,1.0,19.75,19.9,19.75,19.77,66700.0
2004-07-23,19.65,20.0,19.65,19.8,65800.0,0.0,1.0,19.65,20.0,19.65,19.8,65800.0
2004-07-22,19.25,19.7,19.2,19.7,81200.0,0.0,1.0,19.25,19.7,19.2,19.7,81200.0
2004-07-21,19.25,19.3,19.19,19.2,223600.0,0.0,1.0,19.25,19.3,19.19,19.2,223600.0
2004-07-20,19.3,19.3,18.75,19.25,184800.0,0.0,1.0,19.3,19.3,18.75,19.25,184800.0
2004-07-19,19.67,19.75,19.1,19.35,39800.0,0.0,1.0,19.67,19.75,19.1,19.35,39800.0
2004-07-16,19.59,19.7,19.15,19.67,106900.0,0.0,1.0,19.59,19.7,19.15,19.67,106900.0
2004-07-15,19.48,19.78,19.47,19.6,169400.0,0.0,1.0,19.48,19.78,19.47,19.6,169400.0
2004-07-14,20.05,20.15,19.44,19.48,130400.0,0.0,1.0,20.05,20.15,19.44,19.48,130400.0
2004-07-13,20.5,20.7,20.05,20.17,175500.0,0.0,1.0,20.5,20.7,20.05,20.17,175500.0
2004-07-12,20.2,20.64,20.0,20.55,130500.0,0.0,1.0,20.2,20.64,20.0,20.55,130500.0
2004-07-09,20.2,20.26,20.05,20.26,43200.0,0.0,1.0,20.2,20.26,20.05,20.26,43200.0
2004-07-08,20.0,20.64,20.0,20.25,159200.0,0.0,1.0,20.0,20.64,20.0,20.25,159200.0
2004-07-07,19.95,20.3,19.9,20.1,312300.0,0.0,1.0,19.95,20.3,19.9,20.1,312300.0
2004-07-06,20.35,20.4,19.9,20.0,277300.0,0.0,1.0,20.35,20.4,19.9,20.0,277300.0
2004-07-02,19.48,20.84,19.15,20.45,571800.0,0.0,1.0,19.48,20.84,19.15,20.45,571800.0
2004-07-01,19.3,20.19,18.81,19.53,5127600.0,0.0,1.0,19.3,20.19,18.81,19.53,5127600.0
